   1   1   1   9.54992451562E-02
   2   1   1  -1.25399226563E-02
   3   1   1   1.43304531250E-04
   4   1   1  -1.25399226563E-02
   1   2   1   1.19644515625E-03
   2   2   1  -1.18388765625E-03
   3   2   1   1.11513203125E-03
   4   2   1  -1.25399226563E-02
   1   3   1  -3.17274843750E-04
   2   3   1  -1.18388765625E-03
   3   3   1   1.43304531250E-04
   4   3   1  -1.18388765625E-03
   1   4   1   1.19644515625E-03
   2   4   1  -1.25399226563E-02
   3   4   1   1.11513203125E-03
   4   4   1  -1.18388765625E-03
   1   1   2  -1.25399226563E-02
   2   1   2   1.11513203125E-03
   3   1   2  -1.18388765625E-03
   4   1   2   1.19644515625E-03
   1   2   2  -1.18388765625E-03
   2   2   2   3.32325390625E-03
   3   2   2  -1.18388765625E-03
   4   2   2   2.00636328125E-03
   1   3   2  -1.18388765625E-03
   2   3   2   1.11513203125E-03
   3   3   2  -1.13086640625E-03
   4   3   2   2.65111140625E-03
   1   4   2  -1.25399226563E-02
   2   4   2  -3.25133484375E-03
   3   4   2  -1.13086640625E-03
   4   4   2   2.00636328125E-03
   1   1   3   1.43304531250E-04
   2   1   3  -1.18388765625E-03
   3   1   3  -3.17274843750E-04
   4   1   3  -1.18388765625E-03
   1   2   3   1.11513203125E-03
   2   2   3  -1.18388765625E-03
   3   2   3   2.65111140625E-03
   4   2   3  -1.13086640625E-03
   1   3   3   1.43304531250E-04
   2   3   3  -1.13086640625E-03
   3   3   3   3.41907656250E-04
   4   3   3  -1.13086640625E-03
   1   4   3   1.11513203125E-03
   2   4   3  -1.13086640625E-03
   3   4   3   2.65111140625E-03
   4   4   3  -1.18388765625E-03
   1   1   4  -1.25399226563E-02
   2   1   4   1.19644515625E-03
   3   1   4  -1.18388765625E-03
   4   1   4   1.11513203125E-03
   1   2   4  -1.25399226563E-02
   2   2   4   2.00636328125E-03
   3   2   4  -1.13086640625E-03
   4   2   4  -3.25133484375E-03
   1   3   4  -1.18388765625E-03
   2   3   4   2.65111140625E-03
   3   3   4  -1.13086640625E-03
   4   3   4   1.11513203125E-03
   1   4   4  -1.18388765625E-03
   2   4   4   2.00636328125E-03
   3   4   4  -1.18388765625E-03
   4   4   4   3.32325390625E-03
   
