 1   1   1   2.82842638906E-01
   2   1   1  -4.06794390625E-03
   3   1   1   2.67289062500E-05
   4   1   1  -4.06794390625E-03
   1   2   1   9.07708390625E-03
   2   2   1  -3.68182656250E-04
   3   2   1   2.19089062500E-05
   4   2   1  -4.06794390625E-03
   1   3   1   3.96394640625E-03
   2   3   1  -3.68182656250E-04
   3   3   1   2.67289062500E-05
   4   3   1  -3.68182656250E-04
   1   4   1   9.07708390625E-03
   2   4   1  -4.06794390625E-03
   3   4   1   2.19089062500E-05
   4   4   1  -3.68182656250E-04
   1   1   2  -4.06794390625E-03
   2   1   2   2.19089062500E-05
   3   1   2  -3.68182656250E-04
   4   1   2   9.07708390625E-03
   1   2   2  -3.68182656250E-04
   2   2   2  -2.19312343750E-04
   3   2   2  -3.68182656250E-04
   4   2   2  -4.52472343750E-04
   1   3   2  -3.68182656250E-04
   2   3   2   2.19089062500E-05
   3   3   2  -2.25283906250E-04
   4   3   2  -2.66511093750E-04
   1   4   2  -4.06794390625E-03
   2   4   2  -1.95469843750E-04
   3   4   2  -2.25283906250E-04
   4   4   2  -4.52472343750E-04
   1   1   3   2.67289062500E-05
   2   1   3  -3.68182656250E-04
   3   1   3   3.96394640625E-03
   4   1   3  -3.68182656250E-04
   1   2   3   2.19089062500E-05
   2   2   3  -3.68182656250E-04
   3   2   3  -2.66511093750E-04
   4   2   3  -2.25283906250E-04
   1   3   3   2.67289062500E-05
   2   3   3  -2.25283906250E-04
   3   3   3  -2.29931093750E-04
   4   3   3  -2.25283906250E-04
   1   4   3   2.19089062500E-05
   2   4   3  -2.25283906250E-04
   3   4   3  -2.66511093750E-04
   4   4   3  -3.68182656250E-04
   1   1   4  -4.06794390625E-03
   2   1   4   9.07708390625E-03
   3   1   4  -3.68182656250E-04
   4   1   4   2.19089062500E-05
   1   2   4  -4.06794390625E-03
   2   2   4  -4.52472343750E-04
   3   2   4  -2.25283906250E-04
   4   2   4  -1.95469843750E-04
   1   3   4  -3.68182656250E-04
   2   3   4  -2.66511093750E-04
   3   3   4  -2.25283906250E-04
   4   3   4   2.19089062500E-05
   1   4   4  -3.68182656250E-04
   2   4   4  -4.52472343750E-04
   3   4   4  -3.68182656250E-04
   4   4   4  -2.19312343750E-04
