3.0002
3.0004
3.0006
3.0008
3.001
3.0012
3.0014
3.0016
3.0018
3.002
3.0022
3.0024
3.0026
3.0028
3.003
3.0032
3.0034
3.0036
3.0038
3.004
3.0042
3.0044
3.0046
3.0048
3.005
3.0052
3.0054
3.0056
3.0058
3.006
3.0062
3.0064
3.0066
3.0068
3.007
3.0072
3.0074
3.0076
3.0078
3.008
3.0082
3.0084
3.0086
3.0088
3.009
3.0092
3.0094
3.0096
3.0098
3.01
3.0102
3.0104
3.0106
3.0108
3.011
3.0112
3.0114
3.0116
3.0118
3.012
3.0122
3.0124
3.0126
3.0128
3.013
3.0132
3.0134
3.0136
3.0138
3.014
3.0142
3.0144
3.0146
3.0148
3.015
3.0152
3.0154
3.0156
3.0158
3.016
3.0162
3.0164
3.0166
3.0168
3.017
3.0172
3.0174
3.0176
3.0178
3.018
3.0182
3.0184
3.0186
3.0188
3.019
3.0192
3.0194
3.0196
3.0198
3.02
3.0202
3.0204
3.0206
3.0208
3.021
3.0212
3.0214
3.0216
3.0218
3.022
3.0222
3.0224
3.0226
3.0228
3.023
3.0232
3.0234
3.0236
3.0238
3.024
3.0242
3.0244
3.0246
3.0248
3.025
3.0252
3.0254
3.0256
3.0258
3.026
3.0262
3.0264
3.0266
3.0268
3.027
3.0272
3.0274
3.0276
3.0278
3.028
3.0282
3.0284
3.0286
3.0288
3.029
3.0292
3.0294
3.0296
3.0298
3.03
3.0302
3.0304
3.0306
3.0308
3.031
3.0312
3.0314
3.0316
3.0318
3.032
3.0322
3.0324
3.0326
3.0328
3.033
3.0332
3.0334
3.0336
3.0338
3.034
3.0342
3.0344
3.0346
3.0348
3.035
3.0352
3.0354
3.0356
3.0358
3.036
3.0362
3.0364
3.0366
3.0368
3.037
3.0372
3.0374
3.0376
3.0378
3.038
3.0382
3.0384
3.0386
3.0388
3.039
3.0392
3.0394
3.0396
3.0398
3.04
3.0402
3.0404
3.0406
3.0408
3.041
3.0412
3.0414
3.0416
3.0418
3.042
3.0422
3.0424
3.0426
3.0428
3.043
3.0432
3.0434
3.0436
3.0438
3.044
3.0442
3.0444
3.0446
3.0448
3.045
3.0452
3.0454
3.0456
3.0458
3.046
3.0462
3.0464
3.0466
3.0468
3.047
3.0472
3.0474
3.0476
3.0478
3.048
3.0482
3.0484
3.0486
3.0488
3.049
3.0492
3.0494
3.0496
3.0498
3.05
3.0502
3.0504
3.0506
3.0508
3.051
3.0512
3.0514
3.0516
3.0518
3.052
3.0522
3.0524
3.0526
3.0528
3.053
3.0532
3.0534
3.0536
3.0538
3.054
3.0542
3.0544
3.0546
3.0548
3.055
3.0552
3.0554
3.0556
3.0558
3.056
3.0562
3.0564
3.0566
3.0568
3.057
3.0572
3.0574
3.0576
3.0578
3.058
3.0582
3.0584
3.0586
3.0588
3.059
3.0592
3.0594
3.0596
3.0598
3.06
3.0602
3.0604
3.0606
3.0608
3.061
3.0612
3.0614
3.0616
3.0618
3.062
3.0622
3.0624
3.0626
3.0628
3.063
3.0632
3.0634
3.0636
3.0638
3.064
3.0642
3.0644
3.0646
3.0648
3.065
3.0652
3.0654
3.0656
3.0658
3.066
3.0662
3.0664
3.0666
3.0668
3.067
3.0672
3.0674
3.0676
3.0678
3.068
3.0682
3.0684
3.0686
3.0688
3.069
3.0692
3.0694
3.0696
3.0698
3.07
3.0702
3.0704
3.0706
3.0708
3.071
3.0712
3.0714
3.0716
3.0718
3.072
3.0722
3.0724
3.0726
3.0728
3.073
3.0732
3.0734
3.0736
3.0738
3.074
3.0742
3.0744
3.0746
3.0748
3.075
3.0752
3.0754
3.0756
3.0758
3.076
3.0762
3.0764
3.0766
3.0768
3.077
3.0772
3.0774
3.0776
3.0778
3.078
3.0782
3.0784
3.0786
3.0788
3.079
3.0792
3.0794
3.0796
3.0798
3.08
3.0802
3.0804
3.0806
3.0808
3.081
3.0812
3.0814
3.0816
3.0818
3.082
3.0822
3.0824
3.0826
3.0828
3.083
3.0832
3.0834
3.0836
3.0838
3.084
3.0842
3.0844
3.0846
3.0848
3.085
3.0852
3.0854
3.0856
3.0858
3.086
3.0862
3.0864
3.0866
3.0868
3.087
3.0872
3.0874
3.0876
3.0878
3.088
3.0882
3.0884
3.0886
3.0888
3.089
3.0892
3.0894
3.0896
3.0898
3.09
3.0902
3.0904
3.0906
3.0908
3.091
3.0912
3.0914
3.0916
3.0918
3.092
3.0922
3.0924
3.0926
3.0928
3.093
3.0932
3.0934
3.0936
3.0938
3.094
3.0942
3.0944
3.0946
3.0948
3.095
3.0952
3.0954
3.0956
3.0958
3.096
3.0962
3.0964
3.0966
3.0968
3.097
3.0972
3.0974
3.0976
3.0978
3.098
3.0982
3.0984
3.0986
3.0988
3.099
3.0992
3.0994
3.0996
3.0998
3.1
3.1002
3.1004
3.1006
3.1008
3.101
3.1012
3.1014
3.1016
3.1018
3.102
3.1022
3.1024
3.1026
3.1028
3.103
3.1032
3.1034
3.1036
3.1038
3.104
3.1042
3.1044
3.1046
3.1048
3.105
3.1052
3.1054
3.1056
3.1058
3.106
3.1062
3.1064
3.1066
3.1068
3.107
3.1072
3.1074
3.1076
3.1078
3.108
3.1082
3.1084
3.1086
3.1088
3.109
3.1092
3.1094
3.1096
3.1098
3.11
3.1102
3.1104
3.1106
3.1108
3.111
3.1112
3.1114
3.1116
3.1118
3.112
3.1122
3.1124
3.1126
3.1128
3.113
3.1132
3.1134
3.1136
3.1138
3.114
3.1142
3.1144
3.1146
3.1148
3.115
3.1152
3.1154
3.1156
3.1158
3.116
3.1162
3.1164
3.1166
3.1168
3.117
3.1172
3.1174
3.1176
3.1178
3.118
3.1182
3.1184
3.1186
3.1188
3.119
3.1192
3.1194
3.1196
3.1198
3.12
3.1202
3.1204
3.1206
3.1208
3.121
3.1212
3.1214
3.1216
3.1218
3.122
3.1222
3.1224
3.1226
3.1228
3.123
3.1232
3.1234
3.1236
3.1238
3.124
3.1242
3.1244
3.1246
3.1248
3.125
3.1252
3.1254
3.1256
3.1258
3.126
3.1262
3.1264
3.1266
3.1268
3.127
3.1272
3.1274
3.1276
3.1278
3.128
3.1282
3.1284
3.1286
3.1288
3.129
3.1292
3.1294
3.1296
3.1298
3.13
3.1302
3.1304
3.1306
3.1308
3.131
3.1312
3.1314
3.1316
3.1318
3.132
3.1322
3.1324
3.1326
3.1328
3.133
3.1332
3.1334
3.1336
3.1338
3.134
3.1342
3.1344
3.1346
3.1348
3.135
3.1352
3.1354
3.1356
3.1358
3.136
3.1362
3.1364
3.1366
3.1368
3.137
3.1372
3.1374
3.1376
3.1378
3.138
3.1382
3.1384
3.1386
3.1388
3.139
3.1392
3.1394
3.1396
3.1398
3.14
3.1402
3.1404
3.1406
3.1408
3.141
3.1412
3.1414
3.1416
3.1418
3.142
3.1422
3.1424
3.1426
3.1428
3.143
3.1432
3.1434
3.1436
3.1438
3.144
3.1442
3.1444
3.1446
3.1448
3.145
3.1452
3.1454
3.1456
3.1458
3.146
3.1462
3.1464
3.1466
3.1468
3.147
3.1472
3.1474
3.1476
3.1478
3.148
3.1482
3.1484
3.1486
3.1488
3.149
3.1492
3.1494
3.1496
3.1498
3.15
3.1502
3.1504
3.1506
3.1508
3.151
3.1512
3.1514
3.1516
3.1518
3.152
3.1522
3.1524
3.1526
3.1528
3.153
3.1532
3.1534
3.1536
3.1538
3.154
3.1542
3.1544
3.1546
3.1548
3.155
3.1552
3.1554
3.1556
3.1558
3.156
3.1562
3.1564
3.1566
3.1568
3.157
3.1572
3.1574
3.1576
3.1578
3.158
3.1582
3.1584
3.1586
3.1588
3.159
3.1592
3.1594
3.1596
3.1598
3.16
3.1602
3.1604
3.1606
3.1608
3.161
3.1612
3.1614
3.1616
3.1618
3.162
3.1622
3.1624
3.1626
3.1628
3.163
3.1632
3.1634
3.1636
3.1638
3.164
3.1642
3.1644
3.1646
3.1648
3.165
3.1652
3.1654
3.1656
3.1658
3.166
3.1662
3.1664
3.1666
3.1668
3.167
3.1672
3.1674
3.1676
3.1678
3.168
3.1682
3.1684
3.1686
3.1688
3.169
3.1692
3.1694
3.1696
3.1698
3.17
3.1702
3.1704
3.1706
3.1708
3.171
3.1712
3.1714
3.1716
3.1718
3.172
3.1722
3.1724
3.1726
3.1728
3.173
3.1732
3.1734
3.1736
3.1738
3.174
3.1742
3.1744
3.1746
3.1748
3.175
3.1752
3.1754
3.1756
3.1758
3.176
3.1762
3.1764
3.1766
3.1768
3.177
3.1772
3.1774
3.1776
3.1778
3.178
3.1782
3.1784
3.1786
3.1788
3.179
3.1792
3.1794
3.1796
3.1798
3.18
3.1802
3.1804
3.1806
3.1808
3.181
3.1812
3.1814
3.1816
3.1818
3.182
3.1822
3.1824
3.1826
3.1828
3.183
3.1832
3.1834
3.1836
3.1838
3.184
3.1842
3.1844
3.1846
3.1848
3.185
3.1852
3.1854
3.1856
3.1858
3.186
3.1862
3.1864
3.1866
3.1868
3.187
3.1872
3.1874
3.1876
3.1878
3.188
3.1882
3.1884
3.1886
3.1888
3.189
3.1892
3.1894
3.1896
3.1898
3.19
3.1902
3.1904
3.1906
3.1908
3.191
3.1912
3.1914
3.1916
3.1918
3.192
3.1922
3.1924
3.1926
3.1928
3.193
3.1932
3.1934
3.1936
3.1938
3.194
3.1942
3.1944
3.1946
3.1948
3.195
3.1952
3.1954
3.1956
3.1958
3.196
3.1962
3.1964
3.1966
3.1968
3.197
3.1972
3.1974
3.1976
3.1978
3.198
3.1982
3.1984
3.1986
3.1988
3.199
3.1992
3.1994
3.1996
3.1998
3.2
3.2002
3.2004
3.2006
3.2008
3.201
3.2012
3.2014
3.2016
3.2018
3.202
3.2022
3.2024
3.2026
3.2028
3.203
3.2032
3.2034
3.2036
3.2038
3.204
3.2042
3.2044
3.2046
3.2048
3.205
3.2052
3.2054
3.2056
3.2058
3.206
3.2062
3.2064
3.2066
3.2068
3.207
3.2072
3.2074
3.2076
3.2078
3.208
3.2082
3.2084
3.2086
3.2088
3.209
3.2092
3.2094
3.2096
3.2098
3.21
3.2102
3.2104
3.2106
3.2108
3.211
3.2112
3.2114
3.2116
3.2118
3.212
3.2122
3.2124
3.2126
3.2128
3.213
3.2132
3.2134
3.2136
3.2138
3.214
3.2142
3.2144
3.2146
3.2148
3.215
3.2152
3.2154
3.2156
3.2158
3.216
3.2162
3.2164
3.2166
3.2168
3.217
3.2172
3.2174
3.2176
3.2178
3.218
3.2182
3.2184
3.2186
3.2188
3.219
3.2192
3.2194
3.2196
3.2198
3.22
3.2202
3.2204
3.2206
3.2208
3.221
3.2212
3.2214
3.2216
3.2218
3.222
3.2222
3.2224
3.2226
3.2228
3.223
3.2232
3.2234
3.2236
3.2238
3.224
3.2242
3.2244
3.2246
3.2248
3.225
3.2252
3.2254
3.2256
3.2258
3.226
3.2262
3.2264
3.2266
3.2268
3.227
3.2272
3.2274
3.2276
3.2278
3.228
3.2282
3.2284
3.2286
3.2288
3.229
3.2292
3.2294
3.2296
3.2298
3.23
3.2302
3.2304
3.2306
3.2308
3.231
3.2312
3.2314
3.2316
3.2318
3.232
3.2322
3.2324
3.2326
3.2328
3.233
3.2332
3.2334
3.2336
3.2338
3.234
3.2342
3.2344
3.2346
3.2348
3.235
3.2352
3.2354
3.2356
3.2358
3.236
3.2362
3.2364
3.2366
3.2368
3.237
3.2372
3.2374
3.2376
3.2378
3.238
3.2382
3.2384
3.2386
3.2388
3.239
3.2392
3.2394
3.2396
3.2398
3.24
3.2402
3.2404
3.2406
3.2408
3.241
3.2412
3.2414
3.2416
3.2418
3.242
3.2422
3.2424
3.2426
3.2428
3.243
3.2432
3.2434
3.2436
3.2438
3.244
3.2442
3.2444
3.2446
3.2448
3.245
3.2452
3.2454
3.2456
3.2458
3.246
3.2462
3.2464
3.2466
3.2468
3.247
3.2472
3.2474
3.2476
3.2478
3.248
3.2482
3.2484
3.2486
3.2488
3.249
3.2492
3.2494
3.2496
3.2498
3.25
3.2502
3.2504
3.2506
3.2508
3.251
3.2512
3.2514
3.2516
3.2518
3.252
3.2522
3.2524
3.2526
3.2528
3.253
3.2532
3.2534
3.2536
3.2538
3.254
3.2542
3.2544
3.2546
3.2548
3.255
3.2552
3.2554
3.2556
3.2558
3.256
3.2562
3.2564
3.2566
3.2568
3.257
3.2572
3.2574
3.2576
3.2578
3.258
3.2582
3.2584
3.2586
3.2588
3.259
3.2592
3.2594
3.2596
3.2598
3.26
3.2602
3.2604
3.2606
3.2608
3.261
3.2612
3.2614
3.2616
3.2618
3.262
3.2622
3.2624
3.2626
3.2628
3.263
3.2632
3.2634
3.2636
3.2638
3.264
3.2642
3.2644
3.2646
3.2648
3.265
3.2652
3.2654
3.2656
3.2658
3.266
3.2662
3.2664
3.2666
3.2668
3.267
3.2672
3.2674
3.2676
3.2678
3.268
3.2682
3.2684
3.2686
3.2688
3.269
3.2692
3.2694
3.2696
3.2698
3.27
3.2702
3.2704
3.2706
3.2708
3.271
3.2712
3.2714
3.2716
3.2718
3.272
3.2722
3.2724
3.2726
3.2728
3.273
3.2732
3.2734
3.2736
3.2738
3.274
3.2742
3.2744
3.2746
3.2748
3.275
3.2752
3.2754
3.2756
3.2758
3.276
3.2762
3.2764
3.2766
3.2768
3.277
3.2772
3.2774
3.2776
3.2778
3.278
3.2782
3.2784
3.2786
3.2788
3.279
3.2792
3.2794
3.2796
3.2798
3.28
3.2802
3.2804
3.2806
3.2808
3.281
3.2812
3.2814
3.2816
3.2818
3.282
3.2822
3.2824
3.2826
3.2828
3.283
3.2832
3.2834
3.2836
3.2838
3.284
3.2842
3.2844
3.2846
3.2848
3.285
3.2852
3.2854
3.2856
3.2858
3.286
3.2862
3.2864
3.2866
3.2868
3.287
3.2872
3.2874
3.2876
3.2878
3.288
3.2882
3.2884
3.2886
3.2888
3.289
3.2892
3.2894
3.2896
3.2898
3.29
3.2902
3.2904
3.2906
3.2908
3.291
3.2912
3.2914
3.2916
3.2918
3.292
3.2922
3.2924
3.2926
3.2928
3.293
3.2932
3.2934
3.2936
3.2938
3.294
3.2942
3.2944
3.2946
3.2948
3.295
3.2952
3.2954
3.2956
3.2958
3.296
3.2962
3.2964
3.2966
3.2968
3.297
3.2972
3.2974
3.2976
3.2978
3.298
3.2982
3.2984
3.2986
3.2988
3.299
3.2992
3.2994
3.2996
3.2998
3.3
3.3002
3.3004
3.3006
3.3008
3.301
3.3012
3.3014
3.3016
3.3018
3.302
3.3022
3.3024
3.3026
3.3028
3.303
3.3032
3.3034
3.3036
3.3038
3.304
3.3042
3.3044
3.3046
3.3048
3.305
3.3052
3.3054
3.3056
3.3058
3.306
3.3062
3.3064
3.3066
3.3068
3.307
3.3072
3.3074
3.3076
3.3078
3.308
3.3082
3.3084
3.3086
3.3088
3.309
3.3092
3.3094
3.3096
3.3098
3.31
3.3102
3.3104
3.3106
3.3108
3.311
3.3112
3.3114
3.3116
3.3118
3.312
3.3122
3.3124
3.3126
3.3128
3.313
3.3132
3.3134
3.3136
3.3138
3.314
3.3142
3.3144
3.3146
3.3148
3.315
3.3152
3.3154
3.3156
3.3158
3.316
3.3162
3.3164
3.3166
3.3168
3.317
3.3172
3.3174
3.3176
3.3178
3.318
3.3182
3.3184
3.3186
3.3188
3.319
3.3192
3.3194
3.3196
3.3198
3.32
3.3202
3.3204
3.3206
3.3208
3.321
3.3212
3.3214
3.3216
3.3218
3.322
3.3222
3.3224
3.3226
3.3228
3.323
3.3232
3.3234
3.3236
3.3238
3.324
3.3242
3.3244
3.3246
3.3248
3.325
3.3252
3.3254
3.3256
3.3258
3.326
3.3262
3.3264
3.3266
3.3268
3.327
3.3272
3.3274
3.3276
3.3278
3.328
3.3282
3.3284
3.3286
3.3288
3.329
3.3292
3.3294
3.3296
3.3298
3.33
3.3302
3.3304
3.3306
3.3308
3.331
3.3312
3.3314
3.3316
3.3318
3.332
3.3322
3.3324
3.3326
3.3328
3.333
3.3332
3.3334
3.3336
3.3338
3.334
3.3342
3.3344
3.3346
3.3348
3.335
3.3352
3.3354
3.3356
3.3358
3.336
3.3362
3.3364
3.3366
3.3368
3.337
3.3372
3.3374
3.3376
3.3378
3.338
3.3382
3.3384
3.3386
3.3388
3.339
3.3392
3.3394
3.3396
3.3398
3.34
3.3402
3.3404
3.3406
3.3408
3.341
3.3412
3.3414
3.3416
3.3418
3.342
3.3422
3.3424
3.3426
3.3428
3.343
3.3432
3.3434
3.3436
3.3438
3.344
3.3442
3.3444
3.3446
3.3448
3.345
3.3452
3.3454
3.3456
3.3458
3.346
3.3462
3.3464
3.3466
3.3468
3.347
3.3472
3.3474
3.3476
3.3478
3.348
3.3482
3.3484
3.3486
3.3488
3.349
3.3492
3.3494
3.3496
3.3498
3.35
3.3502
3.3504
3.3506
3.3508
3.351
3.3512
3.3514
3.3516
3.3518
3.352
3.3522
3.3524
3.3526
3.3528
3.353
3.3532
3.3534
3.3536
3.3538
3.354
3.3542
3.3544
3.3546
3.3548
3.355
3.3552
3.3554
3.3556
3.3558
3.356
3.3562
3.3564
3.3566
3.3568
3.357
3.3572
3.3574
3.3576
3.3578
3.358
3.3582
3.3584
3.3586
3.3588
3.359
3.3592
3.3594
3.3596
3.3598
3.36
3.3602
3.3604
3.3606
3.3608
3.361
3.3612
3.3614
3.3616
3.3618
3.362
3.3622
3.3624
3.3626
3.3628
3.363
3.3632
3.3634
3.3636
3.3638
3.364
3.3642
3.3644
3.3646
3.3648
3.365
3.3652
3.3654
3.3656
3.3658
3.366
3.3662
3.3664
3.3666
3.3668
3.367
3.3672
3.3674
3.3676
3.3678
3.368
3.3682
3.3684
3.3686
3.3688
3.369
3.3692
3.3694
3.3696
3.3698
3.37
3.3702
3.3704
3.3706
3.3708
3.371
3.3712
3.3714
3.3716
3.3718
3.372
3.3722
3.3724
3.3726
3.3728
3.373
3.3732
3.3734
3.3736
3.3738
3.374
3.3742
3.3744
3.3746
3.3748
3.375
3.3752
3.3754
3.3756
3.3758
3.376
3.3762
3.3764
3.3766
3.3768
3.377
3.3772
3.3774
3.3776
3.3778
3.378
3.3782
3.3784
3.3786
3.3788
3.379
3.3792
3.3794
3.3796
3.3798
3.38
3.3802
3.3804
3.3806
3.3808
3.381
3.3812
3.3814
3.3816
3.3818
3.382
3.3822
3.3824
3.3826
3.3828
3.383
3.3832
3.3834
3.3836
3.3838
3.384
3.3842
3.3844
3.3846
3.3848
3.385
3.3852
3.3854
3.3856
3.3858
3.386
3.3862
3.3864
3.3866
3.3868
3.387
3.3872
3.3874
3.3876
3.3878
3.388
3.3882
3.3884
3.3886
3.3888
3.389
3.3892
3.3894
3.3896
3.3898
3.39
3.3902
3.3904
3.3906
3.3908
3.391
3.3912
3.3914
3.3916
3.3918
3.392
3.3922
3.3924
3.3926
3.3928
3.393
3.3932
3.3934
3.3936
3.3938
3.394
3.3942
3.3944
3.3946
3.3948
3.395
3.3952
3.3954
3.3956
3.3958
3.396
3.3962
3.3964
3.3966
3.3968
3.397
3.3972
3.3974
3.3976
3.3978
3.398
3.3982
3.3984
3.3986
3.3988
3.399
3.3992
3.3994
3.3996
3.3998
3.4
3.4002
3.4004
3.4006
3.4008
3.401
3.4012
3.4014
3.4016
3.4018
3.402
3.4022
3.4024
3.4026
3.4028
3.403
3.4032
3.4034
3.4036
3.4038
3.404
3.4042
3.4044
3.4046
3.4048
3.405
3.4052
3.4054
3.4056
3.4058
3.406
3.4062
3.4064
3.4066
3.4068
3.407
3.4072
3.4074
3.4076
3.4078
3.408
3.4082
3.4084
3.4086
3.4088
3.409
3.4092
3.4094
3.4096
3.4098
3.41
3.4102
3.4104
3.4106
3.4108
3.411
3.4112
3.4114
3.4116
3.4118
3.412
3.4122
3.4124
3.4126
3.4128
3.413
3.4132
3.4134
3.4136
3.4138
3.414
3.4142
3.4144
3.4146
3.4148
3.415
3.4152
3.4154
3.4156
3.4158
3.416
3.4162
3.4164
3.4166
3.4168
3.417
3.4172
3.4174
3.4176
3.4178
3.418
3.4182
3.4184
3.4186
3.4188
3.419
3.4192
3.4194
3.4196
3.4198
3.42
3.4202
3.4204
3.4206
3.4208
3.421
3.4212
3.4214
3.4216
3.4218
3.422
3.4222
3.4224
3.4226
3.4228
3.423
3.4232
3.4234
3.4236
3.4238
3.424
3.4242
3.4244
3.4246
3.4248
3.425
3.4252
3.4254
3.4256
3.4258
3.426
3.4262
3.4264
3.4266
3.4268
3.427
3.4272
3.4274
3.4276
3.4278
3.428
3.4282
3.4284
3.4286
3.4288
3.429
3.4292
3.4294
3.4296
3.4298
3.43
3.4302
3.4304
3.4306
3.4308
3.431
3.4312
3.4314
3.4316
3.4318
3.432
3.4322
3.4324
3.4326
3.4328
3.433
3.4332
3.4334
3.4336
3.4338
3.434
3.4342
3.4344
3.4346
3.4348
3.435
3.4352
3.4354
3.4356
3.4358
3.436
3.4362
3.4364
3.4366
3.4368
3.437
3.4372
3.4374
3.4376
3.4378
3.438
3.4382
3.4384
3.4386
3.4388
3.439
3.4392
3.4394
3.4396
3.4398
3.44
3.4402
3.4404
3.4406
3.4408
3.441
3.4412
3.4414
3.4416
3.4418
3.442
3.4422
3.4424
3.4426
3.4428
3.443
3.4432
3.4434
3.4436
3.4438
3.444
3.4442
3.4444
3.4446
3.4448
3.445
3.4452
3.4454
3.4456
3.4458
3.446
3.4462
3.4464
3.4466
3.4468
3.447
3.4472
3.4474
3.4476
3.4478
3.448
3.4482
3.4484
3.4486
3.4488
3.449
3.4492
3.4494
3.4496
3.4498
3.45
3.4502
3.4504
3.4506
3.4508
3.451
3.4512
3.4514
3.4516
3.4518
3.452
3.4522
3.4524
3.4526
3.4528
3.453
3.4532
3.4534
3.4536
3.4538
3.454
3.4542
3.4544
3.4546
3.4548
3.455
3.4552
3.4554
3.4556
3.4558
3.456
3.4562
3.4564
3.4566
3.4568
3.457
3.4572
3.4574
3.4576
3.4578
3.458
3.4582
3.4584
3.4586
3.4588
3.459
3.4592
3.4594
3.4596
3.4598
3.46
3.4602
3.4604
3.4606
3.4608
3.461
3.4612
3.4614
3.4616
3.4618
3.462
3.4622
3.4624
3.4626
3.4628
3.463
3.4632
3.4634
3.4636
3.4638
3.464
3.4642
3.4644
3.4646
3.4648
3.465
3.4652
3.4654
3.4656
3.4658
3.466
3.4662
3.4664
3.4666
3.4668
3.467
3.4672
3.4674
3.4676
3.4678
3.468
3.4682
3.4684
3.4686
3.4688
3.469
3.4692
3.4694
3.4696
3.4698
3.47
3.4702
3.4704
3.4706
3.4708
3.471
3.4712
3.4714
3.4716
3.4718
3.472
3.4722
3.4724
3.4726
3.4728
3.473
3.4732
3.4734
3.4736
3.4738
3.474
3.4742
3.4744
3.4746
3.4748
3.475
3.4752
3.4754
3.4756
3.4758
3.476
3.4762
3.4764
3.4766
3.4768
3.477
3.4772
3.4774
3.4776
3.4778
3.478
3.4782
3.4784
3.4786
3.4788
3.479
3.4792
3.4794
3.4796
3.4798
3.48
3.4802
3.4804
3.4806
3.4808
3.481
3.4812
3.4814
3.4816
3.4818
3.482
3.4822
3.4824
3.4826
3.4828
3.483
3.4832
3.4834
3.4836
3.4838
3.484
3.4842
3.4844
3.4846
3.4848
3.485
3.4852
3.4854
3.4856
3.4858
3.486
3.4862
3.4864
3.4866
3.4868
3.487
3.4872
3.4874
3.4876
3.4878
3.488
3.4882
3.4884
3.4886
3.4888
3.489
3.4892
3.4894
3.4896
3.4898
3.49
3.4902
3.4904
3.4906
3.4908
3.491
3.4912
3.4914
3.4916
3.4918
3.492
3.4922
3.4924
3.4926
3.4928
3.493
3.4932
3.4934
3.4936
3.4938
3.494
3.4942
3.4944
3.4946
3.4948
3.495
3.4952
3.4954
3.4956
3.4958
3.496
3.4962
3.4964
3.4966
3.4968
3.497
3.4972
3.4974
3.4976
3.4978
3.498
3.4982
3.4984
3.4986
3.4988
3.499
3.4992
3.4994
3.4996
3.4998
3.5
3.5002
3.5004
3.5006
3.5008
3.501
3.5012
3.5014
3.5016
3.5018
3.502
3.5022
3.5024
3.5026
3.5028
3.503
3.5032
3.5034
3.5036
3.5038
3.504
3.5042
3.5044
3.5046
3.5048
3.505
3.5052
3.5054
3.5056
3.5058
3.506
3.5062
3.5064
3.5066
3.5068
3.507
3.5072
3.5074
3.5076
3.5078
3.508
3.5082
3.5084
3.5086
3.5088
3.509
3.5092
3.5094
3.5096
3.5098
3.51
3.5102
3.5104
3.5106
3.5108
3.511
3.5112
3.5114
3.5116
3.5118
3.512
3.5122
3.5124
3.5126
3.5128
3.513
3.5132
3.5134
3.5136
3.5138
3.514
3.5142
3.5144
3.5146
3.5148
3.515
3.5152
3.5154
3.5156
3.5158
3.516
3.5162
3.5164
3.5166
3.5168
3.517
3.5172
3.5174
3.5176
3.5178
3.518
3.5182
3.5184
3.5186
3.5188
3.519
3.5192
3.5194
3.5196
3.5198
3.52
3.5202
3.5204
3.5206
3.5208
3.521
3.5212
3.5214
3.5216
3.5218
3.522
3.5222
3.5224
3.5226
3.5228
3.523
3.5232
3.5234
3.5236
3.5238
3.524
3.5242
3.5244
3.5246
3.5248
3.525
3.5252
3.5254
3.5256
3.5258
3.526
3.5262
3.5264
3.5266
3.5268
3.527
3.5272
3.5274
3.5276
3.5278
3.528
3.5282
3.5284
3.5286
3.5288
3.529
3.5292
3.5294
3.5296
3.5298
3.53
3.5302
3.5304
3.5306
3.5308
3.531
3.5312
3.5314
3.5316
3.5318
3.532
3.5322
3.5324
3.5326
3.5328
3.533
3.5332
3.5334
3.5336
3.5338
3.534
3.5342
3.5344
3.5346
3.5348
3.535
3.5352
3.5354
3.5356
3.5358
3.536
3.5362
3.5364
3.5366
3.5368
3.537
3.5372
3.5374
3.5376
3.5378
3.538
3.5382
3.5384
3.5386
3.5388
3.539
3.5392
3.5394
3.5396
3.5398
3.54
3.5402
3.5404
3.5406
3.5408
3.541
3.5412
3.5414
3.5416
3.5418
3.542
3.5422
3.5424
3.5426
3.5428
3.543
3.5432
3.5434
3.5436
3.5438
3.544
3.5442
3.5444
3.5446
3.5448
3.545
3.5452
3.5454
3.5456
3.5458
3.546
3.5462
3.5464
3.5466
3.5468
3.547
3.5472
3.5474
3.5476
3.5478
3.548
3.5482
3.5484
3.5486
3.5488
3.549
3.5492
3.5494
3.5496
3.5498
3.55
3.5502
3.5504
3.5506
3.5508
3.551
3.5512
3.5514
3.5516
3.5518
3.552
3.5522
3.5524
3.5526
3.5528
3.553
3.5532
3.5534
3.5536
3.5538
3.554
3.5542
3.5544
3.5546
3.5548
3.555
3.5552
3.5554
3.5556
3.5558
3.556
3.5562
3.5564
3.5566
3.5568
3.557
3.5572
3.5574
3.5576
3.5578
3.558
3.5582
3.5584
3.5586
3.5588
3.559
3.5592
3.5594
3.5596
3.5598
3.56
3.5602
3.5604
3.5606
3.5608
3.561
3.5612
3.5614
3.5616
3.5618
3.562
3.5622
3.5624
3.5626
3.5628
3.563
3.5632
3.5634
3.5636
3.5638
3.564
3.5642
3.5644
3.5646
3.5648
3.565
3.5652
3.5654
3.5656
3.5658
3.566
3.5662
3.5664
3.5666
3.5668
3.567
3.5672
3.5674
3.5676
3.5678
3.568
3.5682
3.5684
3.5686
3.5688
3.569
3.5692
3.5694
3.5696
3.5698
3.57
3.5702
3.5704
3.5706
3.5708
3.571
3.5712
3.5714
3.5716
3.5718
3.572
3.5722
3.5724
3.5726
3.5728
3.573
3.5732
3.5734
3.5736
3.5738
3.574
3.5742
3.5744
3.5746
3.5748
3.575
3.5752
3.5754
3.5756
3.5758
3.576
3.5762
3.5764
3.5766
3.5768
3.577
3.5772
3.5774
3.5776
3.5778
3.578
3.5782
3.5784
3.5786
3.5788
3.579
3.5792
3.5794
3.5796
3.5798
3.58
3.5802
3.5804
3.5806
3.5808
3.581
3.5812
3.5814
3.5816
3.5818
3.582
3.5822
3.5824
3.5826
3.5828
3.583
3.5832
3.5834
3.5836
3.5838
3.584
3.5842
3.5844
3.5846
3.5848
3.585
3.5852
3.5854
3.5856
3.5858
3.586
3.5862
3.5864
3.5866
3.5868
3.587
3.5872
3.5874
3.5876
3.5878
3.588
3.5882
3.5884
3.5886
3.5888
3.589
3.5892
3.5894
3.5896
3.5898
3.59
3.5902
3.5904
3.5906
3.5908
3.591
3.5912
3.5914
3.5916
3.5918
3.592
3.5922
3.5924
3.5926
3.5928
3.593
3.5932
3.5934
3.5936
3.5938
3.594
3.5942
3.5944
3.5946
3.5948
3.595
3.5952
3.5954
3.5956
3.5958
3.596
3.5962
3.5964
3.5966
3.5968
3.597
3.5972
3.5974
3.5976
3.5978
3.598
3.5982
3.5984
3.5986
3.5988
3.599
3.5992
3.5994
3.5996
3.5998
3.6
3.6002
3.6004
3.6006
3.6008
3.601
3.6012
3.6014
3.6016
3.6018
3.602
3.6022
3.6024
3.6026
3.6028
3.603
3.6032
3.6034
3.6036
3.6038
3.604
3.6042
3.6044
3.6046
3.6048
3.605
3.6052
3.6054
3.6056
3.6058
3.606
3.6062
3.6064
3.6066
3.6068
3.607
3.6072
3.6074
3.6076
3.6078
3.608
3.6082
3.6084
3.6086
3.6088
3.609
3.6092
3.6094
3.6096
3.6098
3.61
3.6102
3.6104
3.6106
3.6108
3.611
3.6112
3.6114
3.6116
3.6118
3.612
3.6122
3.6124
3.6126
3.6128
3.613
3.6132
3.6134
3.6136
3.6138
3.614
3.6142
3.6144
3.6146
3.6148
3.615
3.6152
3.6154
3.6156
3.6158
3.616
3.6162
3.6164
3.6166
3.6168
3.617
3.6172
3.6174
3.6176
3.6178
3.618
3.6182
3.6184
3.6186
3.6188
3.619
3.6192
3.6194
3.6196
3.6198
3.62
3.6202
3.6204
3.6206
3.6208
3.621
3.6212
3.6214
3.6216
3.6218
3.622
3.6222
3.6224
3.6226
3.6228
3.623
3.6232
3.6234
3.6236
3.6238
3.624
3.6242
3.6244
3.6246
3.6248
3.625
3.6252
3.6254
3.6256
3.6258
3.626
3.6262
3.6264
3.6266
3.6268
3.627
3.6272
3.6274
3.6276
3.6278
3.628
3.6282
3.6284
3.6286
3.6288
3.629
3.6292
3.6294
3.6296
3.6298
3.63
3.6302
3.6304
3.6306
3.6308
3.631
3.6312
3.6314
3.6316
3.6318
3.632
3.6322
3.6324
3.6326
3.6328
3.633
3.6332
3.6334
3.6336
3.6338
3.634
3.6342
3.6344
3.6346
3.6348
3.635
3.6352
3.6354
3.6356
3.6358
3.636
3.6362
3.6364
3.6366
3.6368
3.637
3.6372
3.6374
3.6376
3.6378
3.638
3.6382
3.6384
3.6386
3.6388
3.639
3.6392
3.6394
3.6396
3.6398
3.64
3.6402
3.6404
3.6406
3.6408
3.641
3.6412
3.6414
3.6416
3.6418
3.642
3.6422
3.6424
3.6426
3.6428
3.643
3.6432
3.6434
3.6436
3.6438
3.644
3.6442
3.6444
3.6446
3.6448
3.645
3.6452
3.6454
3.6456
3.6458
3.646
3.6462
3.6464
3.6466
3.6468
3.647
3.6472
3.6474
3.6476
3.6478
3.648
3.6482
3.6484
3.6486
3.6488
3.649
3.6492
3.6494
3.6496
3.6498
3.65
3.6502
3.6504
3.6506
3.6508
3.651
3.6512
3.6514
3.6516
3.6518
3.652
3.6522
3.6524
3.6526
3.6528
3.653
3.6532
3.6534
3.6536
3.6538
3.654
3.6542
3.6544
3.6546
3.6548
3.655
3.6552
3.6554
3.6556
3.6558
3.656
3.6562
3.6564
3.6566
3.6568
3.657
3.6572
3.6574
3.6576
3.6578
3.658
3.6582
3.6584
3.6586
3.6588
3.659
3.6592
3.6594
3.6596
3.6598
3.66
3.6602
3.6604
3.6606
3.6608
3.661
3.6612
3.6614
3.6616
3.6618
3.662
3.6622
3.6624
3.6626
3.6628
3.663
3.6632
3.6634
3.6636
3.6638
3.664
3.6642
3.6644
3.6646
3.6648
3.665
3.6652
3.6654
3.6656
3.6658
3.666
3.6662
3.6664
3.6666
3.6668
3.667
3.6672
3.6674
3.6676
3.6678
3.668
3.6682
3.6684
3.6686
3.6688
3.669
3.6692
3.6694
3.6696
3.6698
3.67
3.6702
3.6704
3.6706
3.6708
3.671
3.6712
3.6714
3.6716
3.6718
3.672
3.6722
3.6724
3.6726
3.6728
3.673
3.6732
3.6734
3.6736
3.6738
3.674
3.6742
3.6744
3.6746
3.6748
3.675
3.6752
3.6754
3.6756
3.6758
3.676
3.6762
3.6764
3.6766
3.6768
3.677
3.6772
3.6774
3.6776
3.6778
3.678
3.6782
3.6784
3.6786
3.6788
3.679
3.6792
3.6794
3.6796
3.6798
3.68
3.6802
3.6804
3.6806
3.6808
3.681
3.6812
3.6814
3.6816
3.6818
3.682
3.6822
3.6824
3.6826
3.6828
3.683
3.6832
3.6834
3.6836
3.6838
3.684
3.6842
3.6844
3.6846
3.6848
3.685
3.6852
3.6854
3.6856
3.6858
3.686
3.6862
3.6864
3.6866
3.6868
3.687
3.6872
3.6874
3.6876
3.6878
3.688
3.6882
3.6884
3.6886
3.6888
3.689
3.6892
3.6894
3.6896
3.6898
3.69
3.6902
3.6904
3.6906
3.6908
3.691
3.6912
3.6914
3.6916
3.6918
3.692
3.6922
3.6924
3.6926
3.6928
3.693
3.6932
3.6934
3.6936
3.6938
3.694
3.6942
3.6944
3.6946
3.6948
3.695
3.6952
3.6954
3.6956
3.6958
3.696
3.6962
3.6964
3.6966
3.6968
3.697
3.6972
3.6974
3.6976
3.6978
3.698
3.6982
3.6984
3.6986
3.6988
3.699
3.6992
3.6994
3.6996
3.6998
3.7
3.7002
3.7004
3.7006
3.7008
3.701
3.7012
3.7014
3.7016
3.7018
3.702
3.7022
3.7024
3.7026
3.7028
3.703
3.7032
3.7034
3.7036
3.7038
3.704
3.7042
3.7044
3.7046
3.7048
3.705
3.7052
3.7054
3.7056
3.7058
3.706
3.7062
3.7064
3.7066
3.7068
3.707
3.7072
3.7074
3.7076
3.7078
3.708
3.7082
3.7084
3.7086
3.7088
3.709
3.7092
3.7094
3.7096
3.7098
3.71
3.7102
3.7104
3.7106
3.7108
3.711
3.7112
3.7114
3.7116
3.7118
3.712
3.7122
3.7124
3.7126
3.7128
3.713
3.7132
3.7134
3.7136
3.7138
3.714
3.7142
3.7144
3.7146
3.7148
3.715
3.7152
3.7154
3.7156
3.7158
3.716
3.7162
3.7164
3.7166
3.7168
3.717
3.7172
3.7174
3.7176
3.7178
3.718
3.7182
3.7184
3.7186
3.7188
3.719
3.7192
3.7194
3.7196
3.7198
3.72
3.7202
3.7204
3.7206
3.7208
3.721
3.7212
3.7214
3.7216
3.7218
3.722
3.7222
3.7224
3.7226
3.7228
3.723
3.7232
3.7234
3.7236
3.7238
3.724
3.7242
3.7244
3.7246
3.7248
3.725
3.7252
3.7254
3.7256
3.7258
3.726
3.7262
3.7264
3.7266
3.7268
3.727
3.7272
3.7274
3.7276
3.7278
3.728
3.7282
3.7284
3.7286
3.7288
3.729
3.7292
3.7294
3.7296
3.7298
3.73
3.7302
3.7304
3.7306
3.7308
3.731
3.7312
3.7314
3.7316
3.7318
3.732
3.7322
3.7324
3.7326
3.7328
3.733
3.7332
3.7334
3.7336
3.7338
3.734
3.7342
3.7344
3.7346
3.7348
3.735
3.7352
3.7354
3.7356
3.7358
3.736
3.7362
3.7364
3.7366
3.7368
3.737
3.7372
3.7374
3.7376
3.7378
3.738
3.7382
3.7384
3.7386
3.7388
3.739
3.7392
3.7394
3.7396
3.7398
3.74
3.7402
3.7404
3.7406
3.7408
3.741
3.7412
3.7414
3.7416
3.7418
3.742
3.7422
3.7424
3.7426
3.7428
3.743
3.7432
3.7434
3.7436
3.7438
3.744
3.7442
3.7444
3.7446
3.7448
3.745
3.7452
3.7454
3.7456
3.7458
3.746
3.7462
3.7464
3.7466
3.7468
3.747
3.7472
3.7474
3.7476
3.7478
3.748
3.7482
3.7484
3.7486
3.7488
3.749
3.7492
3.7494
3.7496
3.7498
3.75
3.7502
3.7504
3.7506
3.7508
3.751
3.7512
3.7514
3.7516
3.7518
3.752
3.7522
3.7524
3.7526
3.7528
3.753
3.7532
3.7534
3.7536
3.7538
3.754
3.7542
3.7544
3.7546
3.7548
3.755
3.7552
3.7554
3.7556
3.7558
3.756
3.7562
3.7564
3.7566
3.7568
3.757
3.7572
3.7574
3.7576
3.7578
3.758
3.7582
3.7584
3.7586
3.7588
3.759
3.7592
3.7594
3.7596
3.7598
3.76
3.7602
3.7604
3.7606
3.7608
3.761
3.7612
3.7614
3.7616
3.7618
3.762
3.7622
3.7624
3.7626
3.7628
3.763
3.7632
3.7634
3.7636
3.7638
3.764
3.7642
3.7644
3.7646
3.7648
3.765
3.7652
3.7654
3.7656
3.7658
3.766
3.7662
3.7664
3.7666
3.7668
3.767
3.7672
3.7674
3.7676
3.7678
3.768
3.7682
3.7684
3.7686
3.7688
3.769
3.7692
3.7694
3.7696
3.7698
3.77
3.7702
3.7704
3.7706
3.7708
3.771
3.7712
3.7714
3.7716
3.7718
3.772
3.7722
3.7724
3.7726
3.7728
3.773
3.7732
3.7734
3.7736
3.7738
3.774
3.7742
3.7744
3.7746
3.7748
3.775
3.7752
3.7754
3.7756
3.7758
3.776
3.7762
3.7764
3.7766
3.7768
3.777
3.7772
3.7774
3.7776
3.7778
3.778
3.7782
3.7784
3.7786
3.7788
3.779
3.7792
3.7794
3.7796
3.7798
3.78
3.7802
3.7804
3.7806
3.7808
3.781
3.7812
3.7814
3.7816
3.7818
3.782
3.7822
3.7824
3.7826
3.7828
3.783
3.7832
3.7834
3.7836
3.7838
3.784
3.7842
3.7844
3.7846
3.7848
3.785
3.7852
3.7854
3.7856
3.7858
3.786
3.7862
3.7864
3.7866
3.7868
3.787
3.7872
3.7874
3.7876
3.7878
3.788
3.7882
3.7884
3.7886
3.7888
3.789
3.7892
3.7894
3.7896
3.7898
3.79
3.7902
3.7904
3.7906
3.7908
3.791
3.7912
3.7914
3.7916
3.7918
3.792
3.7922
3.7924
3.7926
3.7928
3.793
3.7932
3.7934
3.7936
3.7938
3.794
3.7942
3.7944
3.7946
3.7948
3.795
3.7952
3.7954
3.7956
3.7958
3.796
3.7962
3.7964
3.7966
3.7968
3.797
3.7972
3.7974
3.7976
3.7978
3.798
3.7982
3.7984
3.7986
3.7988
3.799
3.7992
3.7994
3.7996
3.7998
3.8
3.8002
3.8004
3.8006
3.8008
3.801
3.8012
3.8014
3.8016
3.8018
3.802
3.8022
3.8024
3.8026
3.8028
3.803
3.8032
3.8034
3.8036
3.8038
3.804
3.8042
3.8044
3.8046
3.8048
3.805
3.8052
3.8054
3.8056
3.8058
3.806
3.8062
3.8064
3.8066
3.8068
3.807
3.8072
3.8074
3.8076
3.8078
3.808
3.8082
3.8084
3.8086
3.8088
3.809
3.8092
3.8094
3.8096
3.8098
3.81
3.8102
3.8104
3.8106
3.8108
3.811
3.8112
3.8114
3.8116
3.8118
3.812
3.8122
3.8124
3.8126
3.8128
3.813
3.8132
3.8134
3.8136
3.8138
3.814
3.8142
3.8144
3.8146
3.8148
3.815
3.8152
3.8154
3.8156
3.8158
3.816
3.8162
3.8164
3.8166
3.8168
3.817
3.8172
3.8174
3.8176
3.8178
3.818
3.8182
3.8184
3.8186
3.8188
3.819
3.8192
3.8194
3.8196
3.8198
3.82
3.8202
3.8204
3.8206
3.8208
3.821
3.8212
3.8214
3.8216
3.8218
3.822
3.8222
3.8224
3.8226
3.8228
3.823
3.8232
3.8234
3.8236
3.8238
3.824
3.8242
3.8244
3.8246
3.8248
3.825
3.8252
3.8254
3.8256
3.8258
3.826
3.8262
3.8264
3.8266
3.8268
3.827
3.8272
3.8274
3.8276
3.8278
3.828
3.8282
3.8284
3.8286
3.8288
3.829
3.8292
3.8294
3.8296
3.8298
3.83
3.8302
3.8304
3.8306
3.8308
3.831
3.8312
3.8314
3.8316
3.8318
3.832
3.8322
3.8324
3.8326
3.8328
3.833
3.8332
3.8334
3.8336
3.8338
3.834
3.8342
3.8344
3.8346
3.8348
3.835
3.8352
3.8354
3.8356
3.8358
3.836
3.8362
3.8364
3.8366
3.8368
3.837
3.8372
3.8374
3.8376
3.8378
3.838
3.8382
3.8384
3.8386
3.8388
3.839
3.8392
3.8394
3.8396
3.8398
3.84
3.8402
3.8404
3.8406
3.8408
3.841
3.8412
3.8414
3.8416
3.8418
3.842
3.8422
3.8424
3.8426
3.8428
3.843
3.8432
3.8434
3.8436
3.8438
3.844
3.8442
3.8444
3.8446
3.8448
3.845
3.8452
3.8454
3.8456
3.8458
3.846
3.8462
3.8464
3.8466
3.8468
3.847
3.8472
3.8474
3.8476
3.8478
3.848
3.8482
3.8484
3.8486
3.8488
3.849
3.8492
3.8494
3.8496
3.8498
3.85
3.8502
3.8504
3.8506
3.8508
3.851
3.8512
3.8514
3.8516
3.8518
3.852
3.8522
3.8524
3.8526
3.8528
3.853
3.8532
3.8534
3.8536
3.8538
3.854
3.8542
3.8544
3.8546
3.8548
3.855
3.8552
3.8554
3.8556
3.8558
3.856
3.8562
3.8564
3.8566
3.8568
3.857
3.8572
3.8574
3.8576
3.8578
3.858
3.8582
3.8584
3.8586
3.8588
3.859
3.8592
3.8594
3.8596
3.8598
3.86
3.8602
3.8604
3.8606
3.8608
3.861
3.8612
3.8614
3.8616
3.8618
3.862
3.8622
3.8624
3.8626
3.8628
3.863
3.8632
3.8634
3.8636
3.8638
3.864
3.8642
3.8644
3.8646
3.8648
3.865
3.8652
3.8654
3.8656
3.8658
3.866
3.8662
3.8664
3.8666
3.8668
3.867
3.8672
3.8674
3.8676
3.8678
3.868
3.8682
3.8684
3.8686
3.8688
3.869
3.8692
3.8694
3.8696
3.8698
3.87
3.8702
3.8704
3.8706
3.8708
3.871
3.8712
3.8714
3.8716
3.8718
3.872
3.8722
3.8724
3.8726
3.8728
3.873
3.8732
3.8734
3.8736
3.8738
3.874
3.8742
3.8744
3.8746
3.8748
3.875
3.8752
3.8754
3.8756
3.8758
3.876
3.8762
3.8764
3.8766
3.8768
3.877
3.8772
3.8774
3.8776
3.8778
3.878
3.8782
3.8784
3.8786
3.8788
3.879
3.8792
3.8794
3.8796
3.8798
3.88
3.8802
3.8804
3.8806
3.8808
3.881
3.8812
3.8814
3.8816
3.8818
3.882
3.8822
3.8824
3.8826
3.8828
3.883
3.8832
3.8834
3.8836
3.8838
3.884
3.8842
3.8844
3.8846
3.8848
3.885
3.8852
3.8854
3.8856
3.8858
3.886
3.8862
3.8864
3.8866
3.8868
3.887
3.8872
3.8874
3.8876
3.8878
3.888
3.8882
3.8884
3.8886
3.8888
3.889
3.8892
3.8894
3.8896
3.8898
3.89
3.8902
3.8904
3.8906
3.8908
3.891
3.8912
3.8914
3.8916
3.8918
3.892
3.8922
3.8924
3.8926
3.8928
3.893
3.8932
3.8934
3.8936
3.8938
3.894
3.8942
3.8944
3.8946
3.8948
3.895
3.8952
3.8954
3.8956
3.8958
3.896
3.8962
3.8964
3.8966
3.8968
3.897
3.8972
3.8974
3.8976
3.8978
3.898
3.8982
3.8984
3.8986
3.8988
3.899
3.8992
3.8994
3.8996
3.8998
3.9
3.9002
3.9004
3.9006
3.9008
3.901
3.9012
3.9014
3.9016
3.9018
3.902
3.9022
3.9024
3.9026
3.9028
3.903
3.9032
3.9034
3.9036
3.9038
3.904
3.9042
3.9044
3.9046
3.9048
3.905
3.9052
3.9054
3.9056
3.9058
3.906
3.9062
3.9064
3.9066
3.9068
3.907
3.9072
3.9074
3.9076
3.9078
3.908
3.9082
3.9084
3.9086
3.9088
3.909
3.9092
3.9094
3.9096
3.9098
3.91
3.9102
3.9104
3.9106
3.9108
3.911
3.9112
3.9114
3.9116
3.9118
3.912
3.9122
3.9124
3.9126
3.9128
3.913
3.9132
3.9134
3.9136
3.9138
3.914
3.9142
3.9144
3.9146
3.9148
3.915
3.9152
3.9154
3.9156
3.9158
3.916
3.9162
3.9164
3.9166
3.9168
3.917
3.9172
3.9174
3.9176
3.9178
3.918
3.9182
3.9184
3.9186
3.9188
3.919
3.9192
3.9194
3.9196
3.9198
3.92
3.9202
3.9204
3.9206
3.9208
3.921
3.9212
3.9214
3.9216
3.9218
3.922
3.9222
3.9224
3.9226
3.9228
3.923
3.9232
3.9234
3.9236
3.9238
3.924
3.9242
3.9244
3.9246
3.9248
3.925
3.9252
3.9254
3.9256
3.9258
3.926
3.9262
3.9264
3.9266
3.9268
3.927
3.9272
3.9274
3.9276
3.9278
3.928
3.9282
3.9284
3.9286
3.9288
3.929
3.9292
3.9294
3.9296
3.9298
3.93
3.9302
3.9304
3.9306
3.9308
3.931
3.9312
3.9314
3.9316
3.9318
3.932
3.9322
3.9324
3.9326
3.9328
3.933
3.9332
3.9334
3.9336
3.9338
3.934
3.9342
3.9344
3.9346
3.9348
3.935
3.9352
3.9354
3.9356
3.9358
3.936
3.9362
3.9364
3.9366
3.9368
3.937
3.9372
3.9374
3.9376
3.9378
3.938
3.9382
3.9384
3.9386
3.9388
3.939
3.9392
3.9394
3.9396
3.9398
3.94
3.9402
3.9404
3.9406
3.9408
3.941
3.9412
3.9414
3.9416
3.9418
3.942
3.9422
3.9424
3.9426
3.9428
3.943
3.9432
3.9434
3.9436
3.9438
3.944
3.9442
3.9444
3.9446
3.9448
3.945
3.9452
3.9454
3.9456
3.9458
3.946
3.9462
3.9464
3.9466
3.9468
3.947
3.9472
3.9474
3.9476
3.9478
3.948
3.9482
3.9484
3.9486
3.9488
3.949
3.9492
3.9494
3.9496
3.9498
3.95
3.9502
3.9504
3.9506
3.9508
3.951
3.9512
3.9514
3.9516
3.9518
3.952
3.9522
3.9524
3.9526
3.9528
3.953
3.9532
3.9534
3.9536
3.9538
3.954
3.9542
3.9544
3.9546
3.9548
3.955
3.9552
3.9554
3.9556
3.9558
3.956
3.9562
3.9564
3.9566
3.9568
3.957
3.9572
3.9574
3.9576
3.9578
3.958
3.9582
3.9584
3.9586
3.9588
3.959
3.9592
3.9594
3.9596
3.9598
3.96
3.9602
3.9604
3.9606
3.9608
3.961
3.9612
3.9614
3.9616
3.9618
3.962
3.9622
3.9624
3.9626
3.9628
3.963
3.9632
3.9634
3.9636
3.9638
3.964
3.9642
3.9644
3.9646
3.9648
3.965
3.9652
3.9654
3.9656
3.9658
3.966
3.9662
3.9664
3.9666
3.9668
3.967
3.9672
3.9674
3.9676
3.9678
3.968
3.9682
3.9684
3.9686
3.9688
3.969
3.9692
3.9694
3.9696
3.9698
3.97
3.9702
3.9704
3.9706
3.9708
3.971
3.9712
3.9714
3.9716
3.9718
3.972
3.9722
3.9724
3.9726
3.9728
3.973
3.9732
3.9734
3.9736
3.9738
3.974
3.9742
3.9744
3.9746
3.9748
3.975
3.9752
3.9754
3.9756
3.9758
3.976
3.9762
3.9764
3.9766
3.9768
3.977
3.9772
3.9774
3.9776
3.9778
3.978
3.9782
3.9784
3.9786
3.9788
3.979
3.9792
3.9794
3.9796
3.9798
3.98
3.9802
3.9804
3.9806
3.9808
3.981
3.9812
3.9814
3.9816
3.9818
3.982
3.9822
3.9824
3.9826
3.9828
3.983
3.9832
3.9834
3.9836
3.9838
3.984
3.9842
3.9844
3.9846
3.9848
3.985
3.9852
3.9854
3.9856
3.9858
3.986
3.9862
3.9864
3.9866
3.9868
3.987
3.9872
3.9874
3.9876
3.9878
3.988
3.9882
3.9884
3.9886
3.9888
3.989
3.9892
3.9894
3.9896
3.9898
3.99
3.9902
3.9904
3.9906
3.9908
3.991
3.9912
3.9914
3.9916
3.9918
3.992
3.9922
3.9924
3.9926
3.9928
3.993
3.9932
3.9934
3.9936
3.9938
3.994
3.9942
3.9944
3.9946
3.9948
3.995
3.9952
3.9954
3.9956
3.9958
3.996
3.9962
3.9964
3.9966
3.9968
3.997
3.9972
3.9974
3.9976
3.9978
3.998
3.9982
3.9984
3.9986
3.9988
3.999
3.9992
3.9994
3.9996
3.9998
4.0
4.0002
4.0004
4.0006
4.0008
4.001
4.0012
4.0014
4.0016
4.0018
4.002
4.0022
4.0024
4.0026
4.0028
4.003
4.0032
4.0034
4.0036
4.0038
4.004
4.0042
4.0044
4.0046
4.0048
4.005
4.0052
4.0054
4.0056
4.0058
4.006
4.0062
4.0064
4.0066
4.0068
4.007
4.0072
4.0074
4.0076
4.0078
4.008
4.0082
4.0084
4.0086
4.0088
4.009
4.0092
4.0094
4.0096
4.0098
4.01
4.0102
4.0104
4.0106
4.0108
4.011
4.0112
4.0114
4.0116
4.0118
4.012
4.0122
4.0124
4.0126
4.0128
4.013
4.0132
4.0134
4.0136
4.0138
4.014
4.0142
4.0144
4.0146
4.0148
4.015
4.0152
4.0154
4.0156
4.0158
4.016
4.0162
4.0164
4.0166
4.0168
4.017
4.0172
4.0174
4.0176
4.0178
4.018
4.0182
4.0184
4.0186
4.0188
4.019
4.0192
4.0194
4.0196
4.0198
4.02
4.0202
4.0204
4.0206
4.0208
4.021
4.0212
4.0214
4.0216
4.0218
4.022
4.0222
4.0224
4.0226
4.0228
4.023
4.0232
4.0234
4.0236
4.0238
4.024
4.0242
4.0244
4.0246
4.0248
4.025
4.0252
4.0254
4.0256
4.0258
4.026
4.0262
4.0264
4.0266
4.0268
4.027
4.0272
4.0274
4.0276
4.0278
4.028
4.0282
4.0284
4.0286
4.0288
4.029
4.0292
4.0294
4.0296
4.0298
4.03
4.0302
4.0304
4.0306
4.0308
4.031
4.0312
4.0314
4.0316
4.0318
4.032
4.0322
4.0324
4.0326
4.0328
4.033
4.0332
4.0334
4.0336
4.0338
4.034
4.0342
4.0344
4.0346
4.0348
4.035
4.0352
4.0354
4.0356
4.0358
4.036
4.0362
4.0364
4.0366
4.0368
4.037
4.0372
4.0374
4.0376
4.0378
4.038
4.0382
4.0384
4.0386
4.0388
4.039
4.0392
4.0394
4.0396
4.0398
4.04
4.0402
4.0404
4.0406
4.0408
4.041
4.0412
4.0414
4.0416
4.0418
4.042
4.0422
4.0424
4.0426
4.0428
4.043
4.0432
4.0434
4.0436
4.0438
4.044
4.0442
4.0444
4.0446
4.0448
4.045
4.0452
4.0454
4.0456
4.0458
4.046
4.0462
4.0464
4.0466
4.0468
4.047
4.0472
4.0474
4.0476
4.0478
4.048
4.0482
4.0484
4.0486
4.0488
4.049
4.0492
4.0494
4.0496
4.0498
4.05
4.0502
4.0504
4.0506
4.0508
4.051
4.0512
4.0514
4.0516
4.0518
4.052
4.0522
4.0524
4.0526
4.0528
4.053
4.0532
4.0534
4.0536
4.0538
4.054
4.0542
4.0544
4.0546
4.0548
4.055
4.0552
4.0554
4.0556
4.0558
4.056
4.0562
4.0564
4.0566
4.0568
4.057
4.0572
4.0574
4.0576
4.0578
4.058
4.0582
4.0584
4.0586
4.0588
4.059
4.0592
4.0594
4.0596
4.0598
4.06
4.0602
4.0604
4.0606
4.0608
4.061
4.0612
4.0614
4.0616
4.0618
4.062
4.0622
4.0624
4.0626
4.0628
4.063
4.0632
4.0634
4.0636
4.0638
4.064
4.0642
4.0644
4.0646
4.0648
4.065
4.0652
4.0654
4.0656
4.0658
4.066
4.0662
4.0664
4.0666
4.0668
4.067
4.0672
4.0674
4.0676
4.0678
4.068
4.0682
4.0684
4.0686
4.0688
4.069
4.0692
4.0694
4.0696
4.0698
4.07
4.0702
4.0704
4.0706
4.0708
4.071
4.0712
4.0714
4.0716
4.0718
4.072
4.0722
4.0724
4.0726
4.0728
4.073
4.0732
4.0734
4.0736
4.0738
4.074
4.0742
4.0744
4.0746
4.0748
4.075
4.0752
4.0754
4.0756
4.0758
4.076
4.0762
4.0764
4.0766
4.0768
4.077
4.0772
4.0774
4.0776
4.0778
4.078
4.0782
4.0784
4.0786
4.0788
4.079
4.0792
4.0794
4.0796
4.0798
4.08
4.0802
4.0804
4.0806
4.0808
4.081
4.0812
4.0814
4.0816
4.0818
4.082
4.0822
4.0824
4.0826
4.0828
4.083
4.0832
4.0834
4.0836
4.0838
4.084
4.0842
4.0844
4.0846
4.0848
4.085
4.0852
4.0854
4.0856
4.0858
4.086
4.0862
4.0864
4.0866
4.0868
4.087
4.0872
4.0874
4.0876
4.0878
4.088
4.0882
4.0884
4.0886
4.0888
4.089
4.0892
4.0894
4.0896
4.0898
4.09
4.0902
4.0904
4.0906
4.0908
4.091
4.0912
4.0914
4.0916
4.0918
4.092
4.0922
4.0924
4.0926
4.0928
4.093
4.0932
4.0934
4.0936
4.0938
4.094
4.0942
4.0944
4.0946
4.0948
4.095
4.0952
4.0954
4.0956
4.0958
4.096
4.0962
4.0964
4.0966
4.0968
4.097
4.0972
4.0974
4.0976
4.0978
4.098
4.0982
4.0984
4.0986
4.0988
4.099
4.0992
4.0994
4.0996
4.0998
4.1
4.1002
4.1004
4.1006
4.1008
4.101
4.1012
4.1014
4.1016
4.1018
4.102
4.1022
4.1024
4.1026
4.1028
4.103
4.1032
4.1034
4.1036
4.1038
4.104
4.1042
4.1044
4.1046
4.1048
4.105
4.1052
4.1054
4.1056
4.1058
4.106
4.1062
4.1064
4.1066
4.1068
4.107
4.1072
4.1074
4.1076
4.1078
4.108
4.1082
4.1084
4.1086
4.1088
4.109
4.1092
4.1094
4.1096
4.1098
4.11
4.1102
4.1104
4.1106
4.1108
4.111
4.1112
4.1114
4.1116
4.1118
4.112
4.1122
4.1124
4.1126
4.1128
4.113
4.1132
4.1134
4.1136
4.1138
4.114
4.1142
4.1144
4.1146
4.1148
4.115
4.1152
4.1154
4.1156
4.1158
4.116
4.1162
4.1164
4.1166
4.1168
4.117
4.1172
4.1174
4.1176
4.1178
4.118
4.1182
4.1184
4.1186
4.1188
4.119
4.1192
4.1194
4.1196
4.1198
4.12
4.1202
4.1204
4.1206
4.1208
4.121
4.1212
4.1214
4.1216
4.1218
4.122
4.1222
4.1224
4.1226
4.1228
4.123
4.1232
4.1234
4.1236
4.1238
4.124
4.1242
4.1244
4.1246
4.1248
4.125
4.1252
4.1254
4.1256
4.1258
4.126
4.1262
4.1264
4.1266
4.1268
4.127
4.1272
4.1274
4.1276
4.1278
4.128
4.1282
4.1284
4.1286
4.1288
4.129
4.1292
4.1294
4.1296
4.1298
4.13
4.1302
4.1304
4.1306
4.1308
4.131
4.1312
4.1314
4.1316
4.1318
4.132
4.1322
4.1324
4.1326
4.1328
4.133
4.1332
4.1334
4.1336
4.1338
4.134
4.1342
4.1344
4.1346
4.1348
4.135
4.1352
4.1354
4.1356
4.1358
4.136
4.1362
4.1364
4.1366
4.1368
4.137
4.1372
4.1374
4.1376
4.1378
4.138
4.1382
4.1384
4.1386
4.1388
4.139
4.1392
4.1394
4.1396
4.1398
4.14
4.1402
4.1404
4.1406
4.1408
4.141
4.1412
4.1414
4.1416
4.1418
4.142
4.1422
4.1424
4.1426
4.1428
4.143
4.1432
4.1434
4.1436
4.1438
4.144
4.1442
4.1444
4.1446
4.1448
4.145
4.1452
4.1454
4.1456
4.1458
4.146
4.1462
4.1464
4.1466
4.1468
4.147
4.1472
4.1474
4.1476
4.1478
4.148
4.1482
4.1484
4.1486
4.1488
4.149
4.1492
4.1494
4.1496
4.1498
4.15
4.1502
4.1504
4.1506
4.1508
4.151
4.1512
4.1514
4.1516
4.1518
4.152
4.1522
4.1524
4.1526
4.1528
4.153
4.1532
4.1534
4.1536
4.1538
4.154
4.1542
4.1544
4.1546
4.1548
4.155
4.1552
4.1554
4.1556
4.1558
4.156
4.1562
4.1564
4.1566
4.1568
4.157
4.1572
4.1574
4.1576
4.1578
4.158
4.1582
4.1584
4.1586
4.1588
4.159
4.1592
4.1594
4.1596
4.1598
4.16
4.1602
4.1604
4.1606
4.1608
4.161
4.1612
4.1614
4.1616
4.1618
4.162
4.1622
4.1624
4.1626
4.1628
4.163
4.1632
4.1634
4.1636
4.1638
4.164
4.1642
4.1644
4.1646
4.1648
4.165
4.1652
4.1654
4.1656
4.1658
4.166
4.1662
4.1664
4.1666
4.1668
4.167
4.1672
4.1674
4.1676
4.1678
4.168
4.1682
4.1684
4.1686
4.1688
4.169
4.1692
4.1694
4.1696
4.1698
4.17
4.1702
4.1704
4.1706
4.1708
4.171
4.1712
4.1714
4.1716
4.1718
4.172
4.1722
4.1724
4.1726
4.1728
4.173
4.1732
4.1734
4.1736
4.1738
4.174
4.1742
4.1744
4.1746
4.1748
4.175
4.1752
4.1754
4.1756
4.1758
4.176
4.1762
4.1764
4.1766
4.1768
4.177
4.1772
4.1774
4.1776
4.1778
4.178
4.1782
4.1784
4.1786
4.1788
4.179
4.1792
4.1794
4.1796
4.1798
4.18
4.1802
4.1804
4.1806
4.1808
4.181
4.1812
4.1814
4.1816
4.1818
4.182
4.1822
4.1824
4.1826
4.1828
4.183
4.1832
4.1834
4.1836
4.1838
4.184
4.1842
4.1844
4.1846
4.1848
4.185
4.1852
4.1854
4.1856
4.1858
4.186
4.1862
4.1864
4.1866
4.1868
4.187
4.1872
4.1874
4.1876
4.1878
4.188
4.1882
4.1884
4.1886
4.1888
4.189
4.1892
4.1894
4.1896
4.1898
4.19
4.1902
4.1904
4.1906
4.1908
4.191
4.1912
4.1914
4.1916
4.1918
4.192
4.1922
4.1924
4.1926
4.1928
4.193
4.1932
4.1934
4.1936
4.1938
4.194
4.1942
4.1944
4.1946
4.1948
4.195
4.1952
4.1954
4.1956
4.1958
4.196
4.1962
4.1964
4.1966
4.1968
4.197
4.1972
4.1974
4.1976
4.1978
4.198
4.1982
4.1984
4.1986
4.1988
4.199
4.1992
4.1994
4.1996
4.1998
4.2
4.2002
4.2004
4.2006
4.2008
4.201
4.2012
4.2014
4.2016
4.2018
4.202
4.2022
4.2024
4.2026
4.2028
4.203
4.2032
4.2034
4.2036
4.2038
4.204
4.2042
4.2044
4.2046
4.2048
4.205
4.2052
4.2054
4.2056
4.2058
4.206
4.2062
4.2064
4.2066
4.2068
4.207
4.2072
4.2074
4.2076
4.2078
4.208
4.2082
4.2084
4.2086
4.2088
4.209
4.2092
4.2094
4.2096
4.2098
4.21
4.2102
4.2104
4.2106
4.2108
4.211
4.2112
4.2114
4.2116
4.2118
4.212
4.2122
4.2124
4.2126
4.2128
4.213
4.2132
4.2134
4.2136
4.2138
4.214
4.2142
4.2144
4.2146
4.2148
4.215
4.2152
4.2154
4.2156
4.2158
4.216
4.2162
4.2164
4.2166
4.2168
4.217
4.2172
4.2174
4.2176
4.2178
4.218
4.2182
4.2184
4.2186
4.2188
4.219
4.2192
4.2194
4.2196
4.2198
4.22
4.2202
4.2204
4.2206
4.2208
4.221
4.2212
4.2214
4.2216
4.2218
4.222
4.2222
4.2224
4.2226
4.2228
4.223
4.2232
4.2234
4.2236
4.2238
4.224
4.2242
4.2244
4.2246
4.2248
4.225
4.2252
4.2254
4.2256
4.2258
4.226
4.2262
4.2264
4.2266
4.2268
4.227
4.2272
4.2274
4.2276
4.2278
4.228
4.2282
4.2284
4.2286
4.2288
4.229
4.2292
4.2294
4.2296
4.2298
4.23
4.2302
4.2304
4.2306
4.2308
4.231
4.2312
4.2314
4.2316
4.2318
4.232
4.2322
4.2324
4.2326
4.2328
4.233
4.2332
4.2334
4.2336
4.2338
4.234
4.2342
4.2344
4.2346
4.2348
4.235
4.2352
4.2354
4.2356
4.2358
4.236
4.2362
4.2364
4.2366
4.2368
4.237
4.2372
4.2374
4.2376
4.2378
4.238
4.2382
4.2384
4.2386
4.2388
4.239
4.2392
4.2394
4.2396
4.2398
4.24
4.2402
4.2404
4.2406
4.2408
4.241
4.2412
4.2414
4.2416
4.2418
4.242
4.2422
4.2424
4.2426
4.2428
4.243
4.2432
4.2434
4.2436
4.2438
4.244
4.2442
4.2444
4.2446
4.2448
4.245
4.2452
4.2454
4.2456
4.2458
4.246
4.2462
4.2464
4.2466
4.2468
4.247
4.2472
4.2474
4.2476
4.2478
4.248
4.2482
4.2484
4.2486
4.2488
4.249
4.2492
4.2494
4.2496
4.2498
4.25
4.2502
4.2504
4.2506
4.2508
4.251
4.2512
4.2514
4.2516
4.2518
4.252
4.2522
4.2524
4.2526
4.2528
4.253
4.2532
4.2534
4.2536
4.2538
4.254
4.2542
4.2544
4.2546
4.2548
4.255
4.2552
4.2554
4.2556
4.2558
4.256
4.2562
4.2564
4.2566
4.2568
4.257
4.2572
4.2574
4.2576
4.2578
4.258
4.2582
4.2584
4.2586
4.2588
4.259
4.2592
4.2594
4.2596
4.2598
4.26
4.2602
4.2604
4.2606
4.2608
4.261
4.2612
4.2614
4.2616
4.2618
4.262
4.2622
4.2624
4.2626
4.2628
4.263
4.2632
4.2634
4.2636
4.2638
4.264
4.2642
4.2644
4.2646
4.2648
4.265
4.2652
4.2654
4.2656
4.2658
4.266
4.2662
4.2664
4.2666
4.2668
4.267
4.2672
4.2674
4.2676
4.2678
4.268
4.2682
4.2684
4.2686
4.2688
4.269
4.2692
4.2694
4.2696
4.2698
4.27
4.2702
4.2704
4.2706
4.2708
4.271
4.2712
4.2714
4.2716
4.2718
4.272
4.2722
4.2724
4.2726
4.2728
4.273
4.2732
4.2734
4.2736
4.2738
4.274
4.2742
4.2744
4.2746
4.2748
4.275
4.2752
4.2754
4.2756
4.2758
4.276
4.2762
4.2764
4.2766
4.2768
4.277
4.2772
4.2774
4.2776
4.2778
4.278
4.2782
4.2784
4.2786
4.2788
4.279
4.2792
4.2794
4.2796
4.2798
4.28
4.2802
4.2804
4.2806
4.2808
4.281
4.2812
4.2814
4.2816
4.2818
4.282
4.2822
4.2824
4.2826
4.2828
4.283
4.2832
4.2834
4.2836
4.2838
4.284
4.2842
4.2844
4.2846
4.2848
4.285
4.2852
4.2854
4.2856
4.2858
4.286
4.2862
4.2864
4.2866
4.2868
4.287
4.2872
4.2874
4.2876
4.2878
4.288
4.2882
4.2884
4.2886
4.2888
4.289
4.2892
4.2894
4.2896
4.2898
4.29
4.2902
4.2904
4.2906
4.2908
4.291
4.2912
4.2914
4.2916
4.2918
4.292
4.2922
4.2924
4.2926
4.2928
4.293
4.2932
4.2934
4.2936
4.2938
4.294
4.2942
4.2944
4.2946
4.2948
4.295
4.2952
4.2954
4.2956
4.2958
4.296
4.2962
4.2964
4.2966
4.2968
4.297
4.2972
4.2974
4.2976
4.2978
4.298
4.2982
4.2984
4.2986
4.2988
4.299
4.2992
4.2994
4.2996
4.2998
4.3
4.3002
4.3004
4.3006
4.3008
4.301
4.3012
4.3014
4.3016
4.3018
4.302
4.3022
4.3024
4.3026
4.3028
4.303
4.3032
4.3034
4.3036
4.3038
4.304
4.3042
4.3044
4.3046
4.3048
4.305
4.3052
4.3054
4.3056
4.3058
4.306
4.3062
4.3064
4.3066
4.3068
4.307
4.3072
4.3074
4.3076
4.3078
4.308
4.3082
4.3084
4.3086
4.3088
4.309
4.3092
4.3094
4.3096
4.3098
4.31
4.3102
4.3104
4.3106
4.3108
4.311
4.3112
4.3114
4.3116
4.3118
4.312
4.3122
4.3124
4.3126
4.3128
4.313
4.3132
4.3134
4.3136
4.3138
4.314
4.3142
4.3144
4.3146
4.3148
4.315
4.3152
4.3154
4.3156
4.3158
4.316
4.3162
4.3164
4.3166
4.3168
4.317
4.3172
4.3174
4.3176
4.3178
4.318
4.3182
4.3184
4.3186
4.3188
4.319
4.3192
4.3194
4.3196
4.3198
4.32
4.3202
4.3204
4.3206
4.3208
4.321
4.3212
4.3214
4.3216
4.3218
4.322
4.3222
4.3224
4.3226
4.3228
4.323
4.3232
4.3234
4.3236
4.3238
4.324
4.3242
4.3244
4.3246
4.3248
4.325
4.3252
4.3254
4.3256
4.3258
4.326
4.3262
4.3264
4.3266
4.3268
4.327
4.3272
4.3274
4.3276
4.3278
4.328
4.3282
4.3284
4.3286
4.3288
4.329
4.3292
4.3294
4.3296
4.3298
4.33
4.3302
4.3304
4.3306
4.3308
4.331
4.3312
4.3314
4.3316
4.3318
4.332
4.3322
4.3324
4.3326
4.3328
4.333
4.3332
4.3334
4.3336
4.3338
4.334
4.3342
4.3344
4.3346
4.3348
4.335
4.3352
4.3354
4.3356
4.3358
4.336
4.3362
4.3364
4.3366
4.3368
4.337
4.3372
4.3374
4.3376
4.3378
4.338
4.3382
4.3384
4.3386
4.3388
4.339
4.3392
4.3394
4.3396
4.3398
4.34
4.3402
4.3404
4.3406
4.3408
4.341
4.3412
4.3414
4.3416
4.3418
4.342
4.3422
4.3424
4.3426
4.3428
4.343
4.3432
4.3434
4.3436
4.3438
4.344
4.3442
4.3444
4.3446
4.3448
4.345
4.3452
4.3454
4.3456
4.3458
4.346
4.3462
4.3464
4.3466
4.3468
4.347
4.3472
4.3474
4.3476
4.3478
4.348
4.3482
4.3484
4.3486
4.3488
4.349
4.3492
4.3494
4.3496
4.3498
4.35
4.3502
4.3504
4.3506
4.3508
4.351
4.3512
4.3514
4.3516
4.3518
4.352
4.3522
4.3524
4.3526
4.3528
4.353
4.3532
4.3534
4.3536
4.3538
4.354
4.3542
4.3544
4.3546
4.3548
4.355
4.3552
4.3554
4.3556
4.3558
4.356
4.3562
4.3564
4.3566
4.3568
4.357
4.3572
4.3574
4.3576
4.3578
4.358
4.3582
4.3584
4.3586
4.3588
4.359
4.3592
4.3594
4.3596
4.3598
4.36
4.3602
4.3604
4.3606
4.3608
4.361
4.3612
4.3614
4.3616
4.3618
4.362
4.3622
4.3624
4.3626
4.3628
4.363
4.3632
4.3634
4.3636
4.3638
4.364
4.3642
4.3644
4.3646
4.3648
4.365
4.3652
4.3654
4.3656
4.3658
4.366
4.3662
4.3664
4.3666
4.3668
4.367
4.3672
4.3674
4.3676
4.3678
4.368
4.3682
4.3684
4.3686
4.3688
4.369
4.3692
4.3694
4.3696
4.3698
4.37
4.3702
4.3704
4.3706
4.3708
4.371
4.3712
4.3714
4.3716
4.3718
4.372
4.3722
4.3724
4.3726
4.3728
4.373
4.3732
4.3734
4.3736
4.3738
4.374
4.3742
4.3744
4.3746
4.3748
4.375
4.3752
4.3754
4.3756
4.3758
4.376
4.3762
4.3764
4.3766
4.3768
4.377
4.3772
4.3774
4.3776
4.3778
4.378
4.3782
4.3784
4.3786
4.3788
4.379
4.3792
4.3794
4.3796
4.3798
4.38
4.3802
4.3804
4.3806
4.3808
4.381
4.3812
4.3814
4.3816
4.3818
4.382
4.3822
4.3824
4.3826
4.3828
4.383
4.3832
4.3834
4.3836
4.3838
4.384
4.3842
4.3844
4.3846
4.3848
4.385
4.3852
4.3854
4.3856
4.3858
4.386
4.3862
4.3864
4.3866
4.3868
4.387
4.3872
4.3874
4.3876
4.3878
4.388
4.3882
4.3884
4.3886
4.3888
4.389
4.3892
4.3894
4.3896
4.3898
4.39
4.3902
4.3904
4.3906
4.3908
4.391
4.3912
4.3914
4.3916
4.3918
4.392
4.3922
4.3924
4.3926
4.3928
4.393
4.3932
4.3934
4.3936
4.3938
4.394
4.3942
4.3944
4.3946
4.3948
4.395
4.3952
4.3954
4.3956
4.3958
4.396
4.3962
4.3964
4.3966
4.3968
4.397
4.3972
4.3974
4.3976
4.3978
4.398
4.3982
4.3984
4.3986
4.3988
4.399
4.3992
4.3994
4.3996
4.3998
4.4
4.4002
4.4004
4.4006
4.4008
4.401
4.4012
4.4014
4.4016
4.4018
4.402
4.4022
4.4024
4.4026
4.4028
4.403
4.4032
4.4034
4.4036
4.4038
4.404
4.4042
4.4044
4.4046
4.4048
4.405
4.4052
4.4054
4.4056
4.4058
4.406
4.4062
4.4064
4.4066
4.4068
4.407
4.4072
4.4074
4.4076
4.4078
4.408
4.4082
4.4084
4.4086
4.4088
4.409
4.4092
4.4094
4.4096
4.4098
4.41
4.4102
4.4104
4.4106
4.4108
4.411
4.4112
4.4114
4.4116
4.4118
4.412
4.4122
4.4124
4.4126
4.4128
4.413
4.4132
4.4134
4.4136
4.4138
4.414
4.4142
4.4144
4.4146
4.4148
4.415
4.4152
4.4154
4.4156
4.4158
4.416
4.4162
4.4164
4.4166
4.4168
4.417
4.4172
4.4174
4.4176
4.4178
4.418
4.4182
4.4184
4.4186
4.4188
4.419
4.4192
4.4194
4.4196
4.4198
4.42
4.4202
4.4204
4.4206
4.4208
4.421
4.4212
4.4214
4.4216
4.4218
4.422
4.4222
4.4224
4.4226
4.4228
4.423
4.4232
4.4234
4.4236
4.4238
4.424
4.4242
4.4244
4.4246
4.4248
4.425
4.4252
4.4254
4.4256
4.4258
4.426
4.4262
4.4264
4.4266
4.4268
4.427
4.4272
4.4274
4.4276
4.4278
4.428
4.4282
4.4284
4.4286
4.4288
4.429
4.4292
4.4294
4.4296
4.4298
4.43
4.4302
4.4304
4.4306
4.4308
4.431
4.4312
4.4314
4.4316
4.4318
4.432
4.4322
4.4324
4.4326
4.4328
4.433
4.4332
4.4334
4.4336
4.4338
4.434
4.4342
4.4344
4.4346
4.4348
4.435
4.4352
4.4354
4.4356
4.4358
4.436
4.4362
4.4364
4.4366
4.4368
4.437
4.4372
4.4374
4.4376
4.4378
4.438
4.4382
4.4384
4.4386
4.4388
4.439
4.4392
4.4394
4.4396
4.4398
4.44
4.4402
4.4404
4.4406
4.4408
4.441
4.4412
4.4414
4.4416
4.4418
4.442
4.4422
4.4424
4.4426
4.4428
4.443
4.4432
4.4434
4.4436
4.4438
4.444
4.4442
4.4444
4.4446
4.4448
4.445
4.4452
4.4454
4.4456
4.4458
4.446
4.4462
4.4464
4.4466
4.4468
4.447
4.4472
4.4474
4.4476
4.4478
4.448
4.4482
4.4484
4.4486
4.4488
4.449
4.4492
4.4494
4.4496
4.4498
4.45
4.4502
4.4504
4.4506
4.4508
4.451
4.4512
4.4514
4.4516
4.4518
4.452
4.4522
4.4524
4.4526
4.4528
4.453
4.4532
4.4534
4.4536
4.4538
4.454
4.4542
4.4544
4.4546
4.4548
4.455
4.4552
4.4554
4.4556
4.4558
4.456
4.4562
4.4564
4.4566
4.4568
4.457
4.4572
4.4574
4.4576
4.4578
4.458
4.4582
4.4584
4.4586
4.4588
4.459
4.4592
4.4594
4.4596
4.4598
4.46
4.4602
4.4604
4.4606
4.4608
4.461
4.4612
4.4614
4.4616
4.4618
4.462
4.4622
4.4624
4.4626
4.4628
4.463
4.4632
4.4634
4.4636
4.4638
4.464
4.4642
4.4644
4.4646
4.4648
4.465
4.4652
4.4654
4.4656
4.4658
4.466
4.4662
4.4664
4.4666
4.4668
4.467
4.4672
4.4674
4.4676
4.4678
4.468
4.4682
4.4684
4.4686
4.4688
4.469
4.4692
4.4694
4.4696
4.4698
4.47
4.4702
4.4704
4.4706
4.4708
4.471
4.4712
4.4714
4.4716
4.4718
4.472
4.4722
4.4724
4.4726
4.4728
4.473
4.4732
4.4734
4.4736
4.4738
4.474
4.4742
4.4744
4.4746
4.4748
4.475
4.4752
4.4754
4.4756
4.4758
4.476
4.4762
4.4764
4.4766
4.4768
4.477
4.4772
4.4774
4.4776
4.4778
4.478
4.4782
4.4784
4.4786
4.4788
4.479
4.4792
4.4794
4.4796
4.4798
4.48
4.4802
4.4804
4.4806
4.4808
4.481
4.4812
4.4814
4.4816
4.4818
4.482
4.4822
4.4824
4.4826
4.4828
4.483
4.4832
4.4834
4.4836
4.4838
4.484
4.4842
4.4844
4.4846
4.4848
4.485
4.4852
4.4854
4.4856
4.4858
4.486
4.4862
4.4864
4.4866
4.4868
4.487
4.4872
4.4874
4.4876
4.4878
4.488
4.4882
4.4884
4.4886
4.4888
4.489
4.4892
4.4894
4.4896
4.4898
4.49
4.4902
4.4904
4.4906
4.4908
4.491
4.4912
4.4914
4.4916
4.4918
4.492
4.4922
4.4924
4.4926
4.4928
4.493
4.4932
4.4934
4.4936
4.4938
4.494
4.4942
4.4944
4.4946
4.4948
4.495
4.4952
4.4954
4.4956
4.4958
4.496
4.4962
4.4964
4.4966
4.4968
4.497
4.4972
4.4974
4.4976
4.4978
4.498
4.4982
4.4984
4.4986
4.4988
4.499
4.4992
4.4994
4.4996
4.4998
4.5
4.5002
4.5004
4.5006
4.5008
4.501
4.5012
4.5014
4.5016
4.5018
4.502
4.5022
4.5024
4.5026
4.5028
4.503
4.5032
4.5034
4.5036
4.5038
4.504
4.5042
4.5044
4.5046
4.5048
4.505
4.5052
4.5054
4.5056
4.5058
4.506
4.5062
4.5064
4.5066
4.5068
4.507
4.5072
4.5074
4.5076
4.5078
4.508
4.5082
4.5084
4.5086
4.5088
4.509
4.5092
4.5094
4.5096
4.5098
4.51
4.5102
4.5104
4.5106
4.5108
4.511
4.5112
4.5114
4.5116
4.5118
4.512
4.5122
4.5124
4.5126
4.5128
4.513
4.5132
4.5134
4.5136
4.5138
4.514
4.5142
4.5144
4.5146
4.5148
4.515
4.5152
4.5154
4.5156
4.5158
4.516
4.5162
4.5164
4.5166
4.5168
4.517
4.5172
4.5174
4.5176
4.5178
4.518
4.5182
4.5184
4.5186
4.5188
4.519
4.5192
4.5194
4.5196
4.5198
4.52
4.5202
4.5204
4.5206
4.5208
4.521
4.5212
4.5214
4.5216
4.5218
4.522
4.5222
4.5224
4.5226
4.5228
4.523
4.5232
4.5234
4.5236
4.5238
4.524
4.5242
4.5244
4.5246
4.5248
4.525
4.5252
4.5254
4.5256
4.5258
4.526
4.5262
4.5264
4.5266
4.5268
4.527
4.5272
4.5274
4.5276
4.5278
4.528
4.5282
4.5284
4.5286
4.5288
4.529
4.5292
4.5294
4.5296
4.5298
4.53
4.5302
4.5304
4.5306
4.5308
4.531
4.5312
4.5314
4.5316
4.5318
4.532
4.5322
4.5324
4.5326
4.5328
4.533
4.5332
4.5334
4.5336
4.5338
4.534
4.5342
4.5344
4.5346
4.5348
4.535
4.5352
4.5354
4.5356
4.5358
4.536
4.5362
4.5364
4.5366
4.5368
4.537
4.5372
4.5374
4.5376
4.5378
4.538
4.5382
4.5384
4.5386
4.5388
4.539
4.5392
4.5394
4.5396
4.5398
4.54
4.5402
4.5404
4.5406
4.5408
4.541
4.5412
4.5414
4.5416
4.5418
4.542
4.5422
4.5424
4.5426
4.5428
4.543
4.5432
4.5434
4.5436
4.5438
4.544
4.5442
4.5444
4.5446
4.5448
4.545
4.5452
4.5454
4.5456
4.5458
4.546
4.5462
4.5464
4.5466
4.5468
4.547
4.5472
4.5474
4.5476
4.5478
4.548
4.5482
4.5484
4.5486
4.5488
4.549
4.5492
4.5494
4.5496
4.5498
4.55
4.5502
4.5504
4.5506
4.5508
4.551
4.5512
4.5514
4.5516
4.5518
4.552
4.5522
4.5524
4.5526
4.5528
4.553
4.5532
4.5534
4.5536
4.5538
4.554
4.5542
4.5544
4.5546
4.5548
4.555
4.5552
4.5554
4.5556
4.5558
4.556
4.5562
4.5564
4.5566
4.5568
4.557
4.5572
4.5574
4.5576
4.5578
4.558
4.5582
4.5584
4.5586
4.5588
4.559
4.5592
4.5594
4.5596
4.5598
4.56
4.5602
4.5604
4.5606
4.5608
4.561
4.5612
4.5614
4.5616
4.5618
4.562
4.5622
4.5624
4.5626
4.5628
4.563
4.5632
4.5634
4.5636
4.5638
4.564
4.5642
4.5644
4.5646
4.5648
4.565
4.5652
4.5654
4.5656
4.5658
4.566
4.5662
4.5664
4.5666
4.5668
4.567
4.5672
4.5674
4.5676
4.5678
4.568
4.5682
4.5684
4.5686
4.5688
4.569
4.5692
4.5694
4.5696
4.5698
4.57
4.5702
4.5704
4.5706
4.5708
4.571
4.5712
4.5714
4.5716
4.5718
4.572
4.5722
4.5724
4.5726
4.5728
4.573
4.5732
4.5734
4.5736
4.5738
4.574
4.5742
4.5744
4.5746
4.5748
4.575
4.5752
4.5754
4.5756
4.5758
4.576
4.5762
4.5764
4.5766
4.5768
4.577
4.5772
4.5774
4.5776
4.5778
4.578
4.5782
4.5784
4.5786
4.5788
4.579
4.5792
4.5794
4.5796
4.5798
4.58
4.5802
4.5804
4.5806
4.5808
4.581
4.5812
4.5814
4.5816
4.5818
4.582
4.5822
4.5824
4.5826
4.5828
4.583
4.5832
4.5834
4.5836
4.5838
4.584
4.5842
4.5844
4.5846
4.5848
4.585
4.5852
4.5854
4.5856
4.5858
4.586
4.5862
4.5864
4.5866
4.5868
4.587
4.5872
4.5874
4.5876
4.5878
4.588
4.5882
4.5884
4.5886
4.5888
4.589
4.5892
4.5894
4.5896
4.5898
4.59
4.5902
4.5904
4.5906
4.5908
4.591
4.5912
4.5914
4.5916
4.5918
4.592
4.5922
4.5924
4.5926
4.5928
4.593
4.5932
4.5934
4.5936
4.5938
4.594
4.5942
4.5944
4.5946
4.5948
4.595
4.5952
4.5954
4.5956
4.5958
4.596
4.5962
4.5964
4.5966
4.5968
4.597
4.5972
4.5974
4.5976
4.5978
4.598
4.5982
4.5984
4.5986
4.5988
4.599
4.5992
4.5994
4.5996
4.5998
4.6
4.6002
4.6004
4.6006
4.6008
4.601
4.6012
4.6014
4.6016
4.6018
4.602
4.6022
4.6024
4.6026
4.6028
4.603
4.6032
4.6034
4.6036
4.6038
4.604
4.6042
4.6044
4.6046
4.6048
4.605
4.6052
4.6054
4.6056
4.6058
4.606
4.6062
4.6064
4.6066
4.6068
4.607
4.6072
4.6074
4.6076
4.6078
4.608
4.6082
4.6084
4.6086
4.6088
4.609
4.6092
4.6094
4.6096
4.6098
4.61
4.6102
4.6104
4.6106
4.6108
4.611
4.6112
4.6114
4.6116
4.6118
4.612
4.6122
4.6124
4.6126
4.6128
4.613
4.6132
4.6134
4.6136
4.6138
4.614
4.6142
4.6144
4.6146
4.6148
4.615
4.6152
4.6154
4.6156
4.6158
4.616
4.6162
4.6164
4.6166
4.6168
4.617
4.6172
4.6174
4.6176
4.6178
4.618
4.6182
4.6184
4.6186
4.6188
4.619
4.6192
4.6194
4.6196
4.6198
4.62
4.6202
4.6204
4.6206
4.6208
4.621
4.6212
4.6214
4.6216
4.6218
4.622
4.6222
4.6224
4.6226
4.6228
4.623
4.6232
4.6234
4.6236
4.6238
4.624
4.6242
4.6244
4.6246
4.6248
4.625
4.6252
4.6254
4.6256
4.6258
4.626
4.6262
4.6264
4.6266
4.6268
4.627
4.6272
4.6274
4.6276
4.6278
4.628
4.6282
4.6284
4.6286
4.6288
4.629
4.6292
4.6294
4.6296
4.6298
4.63
4.6302
4.6304
4.6306
4.6308
4.631
4.6312
4.6314
4.6316
4.6318
4.632
4.6322
4.6324
4.6326
4.6328
4.633
4.6332
4.6334
4.6336
4.6338
4.634
4.6342
4.6344
4.6346
4.6348
4.635
4.6352
4.6354
4.6356
4.6358
4.636
4.6362
4.6364
4.6366
4.6368
4.637
4.6372
4.6374
4.6376
4.6378
4.638
4.6382
4.6384
4.6386
4.6388
4.639
4.6392
4.6394
4.6396
4.6398
4.64
4.6402
4.6404
4.6406
4.6408
4.641
4.6412
4.6414
4.6416
4.6418
4.642
4.6422
4.6424
4.6426
4.6428
4.643
4.6432
4.6434
4.6436
4.6438
4.644
4.6442
4.6444
4.6446
4.6448
4.645
4.6452
4.6454
4.6456
4.6458
4.646
4.6462
4.6464
4.6466
4.6468
4.647
4.6472
4.6474
4.6476
4.6478
4.648
4.6482
4.6484
4.6486
4.6488
4.649
4.6492
4.6494
4.6496
4.6498
4.65
4.6502
4.6504
4.6506
4.6508
4.651
4.6512
4.6514
4.6516
4.6518
4.652
4.6522
4.6524
4.6526
4.6528
4.653
4.6532
4.6534
4.6536
4.6538
4.654
4.6542
4.6544
4.6546
4.6548
4.655
4.6552
4.6554
4.6556
4.6558
4.656
4.6562
4.6564
4.6566
4.6568
4.657
4.6572
4.6574
4.6576
4.6578
4.658
4.6582
4.6584
4.6586
4.6588
4.659
4.6592
4.6594
4.6596
4.6598
4.66
4.6602
4.6604
4.6606
4.6608
4.661
4.6612
4.6614
4.6616
4.6618
4.662
4.6622
4.6624
4.6626
4.6628
4.663
4.6632
4.6634
4.6636
4.6638
4.664
4.6642
4.6644
4.6646
4.6648
4.665
4.6652
4.6654
4.6656
4.6658
4.666
4.6662
4.6664
4.6666
4.6668
4.667
4.6672
4.6674
4.6676
4.6678
4.668
4.6682
4.6684
4.6686
4.6688
4.669
4.6692
4.6694
4.6696
4.6698
4.67
4.6702
4.6704
4.6706
4.6708
4.671
4.6712
4.6714
4.6716
4.6718
4.672
4.6722
4.6724
4.6726
4.6728
4.673
4.6732
4.6734
4.6736
4.6738
4.674
4.6742
4.6744
4.6746
4.6748
4.675
4.6752
4.6754
4.6756
4.6758
4.676
4.6762
4.6764
4.6766
4.6768
4.677
4.6772
4.6774
4.6776
4.6778
4.678
4.6782
4.6784
4.6786
4.6788
4.679
4.6792
4.6794
4.6796
4.6798
4.68
4.6802
4.6804
4.6806
4.6808
4.681
4.6812
4.6814
4.6816
4.6818
4.682
4.6822
4.6824
4.6826
4.6828
4.683
4.6832
4.6834
4.6836
4.6838
4.684
4.6842
4.6844
4.6846
4.6848
4.685
4.6852
4.6854
4.6856
4.6858
4.686
4.6862
4.6864
4.6866
4.6868
4.687
4.6872
4.6874
4.6876
4.6878
4.688
4.6882
4.6884
4.6886
4.6888
4.689
4.6892
4.6894
4.6896
4.6898
4.69
4.6902
4.6904
4.6906
4.6908
4.691
4.6912
4.6914
4.6916
4.6918
4.692
4.6922
4.6924
4.6926
4.6928
4.693
4.6932
4.6934
4.6936
4.6938
4.694
4.6942
4.6944
4.6946
4.6948
4.695
4.6952
4.6954
4.6956
4.6958
4.696
4.6962
4.6964
4.6966
4.6968
4.697
4.6972
4.6974
4.6976
4.6978
4.698
4.6982
4.6984
4.6986
4.6988
4.699
4.6992
4.6994
4.6996
4.6998
4.7
4.7002
4.7004
4.7006
4.7008
4.701
4.7012
4.7014
4.7016
4.7018
4.702
4.7022
4.7024
4.7026
4.7028
4.703
4.7032
4.7034
4.7036
4.7038
4.704
4.7042
4.7044
4.7046
4.7048
4.705
4.7052
4.7054
4.7056
4.7058
4.706
4.7062
4.7064
4.7066
4.7068
4.707
4.7072
4.7074
4.7076
4.7078
4.708
4.7082
4.7084
4.7086
4.7088
4.709
4.7092
4.7094
4.7096
4.7098
4.71
4.7102
4.7104
4.7106
4.7108
4.711
4.7112
4.7114
4.7116
4.7118
4.712
4.7122
4.7124
4.7126
4.7128
4.713
4.7132
4.7134
4.7136
4.7138
4.714
4.7142
4.7144
4.7146
4.7148
4.715
4.7152
4.7154
4.7156
4.7158
4.716
4.7162
4.7164
4.7166
4.7168
4.717
4.7172
4.7174
4.7176
4.7178
4.718
4.7182
4.7184
4.7186
4.7188
4.719
4.7192
4.7194
4.7196
4.7198
4.72
4.7202
4.7204
4.7206
4.7208
4.721
4.7212
4.7214
4.7216
4.7218
4.722
4.7222
4.7224
4.7226
4.7228
4.723
4.7232
4.7234
4.7236
4.7238
4.724
4.7242
4.7244
4.7246
4.7248
4.725
4.7252
4.7254
4.7256
4.7258
4.726
4.7262
4.7264
4.7266
4.7268
4.727
4.7272
4.7274
4.7276
4.7278
4.728
4.7282
4.7284
4.7286
4.7288
4.729
4.7292
4.7294
4.7296
4.7298
4.73
4.7302
4.7304
4.7306
4.7308
4.731
4.7312
4.7314
4.7316
4.7318
4.732
4.7322
4.7324
4.7326
4.7328
4.733
4.7332
4.7334
4.7336
4.7338
4.734
4.7342
4.7344
4.7346
4.7348
4.735
4.7352
4.7354
4.7356
4.7358
4.736
4.7362
4.7364
4.7366
4.7368
4.737
4.7372
4.7374
4.7376
4.7378
4.738
4.7382
4.7384
4.7386
4.7388
4.739
4.7392
4.7394
4.7396
4.7398
4.74
4.7402
4.7404
4.7406
4.7408
4.741
4.7412
4.7414
4.7416
4.7418
4.742
4.7422
4.7424
4.7426
4.7428
4.743
4.7432
4.7434
4.7436
4.7438
4.744
4.7442
4.7444
4.7446
4.7448
4.745
4.7452
4.7454
4.7456
4.7458
4.746
4.7462
4.7464
4.7466
4.7468
4.747
4.7472
4.7474
4.7476
4.7478
4.748
4.7482
4.7484
4.7486
4.7488
4.749
4.7492
4.7494
4.7496
4.7498
4.75
4.7502
4.7504
4.7506
4.7508
4.751
4.7512
4.7514
4.7516
4.7518
4.752
4.7522
4.7524
4.7526
4.7528
4.753
4.7532
4.7534
4.7536
4.7538
4.754
4.7542
4.7544
4.7546
4.7548
4.755
4.7552
4.7554
4.7556
4.7558
4.756
4.7562
4.7564
4.7566
4.7568
4.757
4.7572
4.7574
4.7576
4.7578
4.758
4.7582
4.7584
4.7586
4.7588
4.759
4.7592
4.7594
4.7596
4.7598
4.76
4.7602
4.7604
4.7606
4.7608
4.761
4.7612
4.7614
4.7616
4.7618
4.762
4.7622
4.7624
4.7626
4.7628
4.763
4.7632
4.7634
4.7636
4.7638
4.764
4.7642
4.7644
4.7646
4.7648
4.765
4.7652
4.7654
4.7656
4.7658
4.766
4.7662
4.7664
4.7666
4.7668
4.767
4.7672
4.7674
4.7676
4.7678
4.768
4.7682
4.7684
4.7686
4.7688
4.769
4.7692
4.7694
4.7696
4.7698
4.77
4.7702
4.7704
4.7706
4.7708
4.771
4.7712
4.7714
4.7716
4.7718
4.772
4.7722
4.7724
4.7726
4.7728
4.773
4.7732
4.7734
4.7736
4.7738
4.774
4.7742
4.7744
4.7746
4.7748
4.775
4.7752
4.7754
4.7756
4.7758
4.776
4.7762
4.7764
4.7766
4.7768
4.777
4.7772
4.7774
4.7776
4.7778
4.778
4.7782
4.7784
4.7786
4.7788
4.779
4.7792
4.7794
4.7796
4.7798
4.78
4.7802
4.7804
4.7806
4.7808
4.781
4.7812
4.7814
4.7816
4.7818
4.782
4.7822
4.7824
4.7826
4.7828
4.783
4.7832
4.7834
4.7836
4.7838
4.784
4.7842
4.7844
4.7846
4.7848
4.785
4.7852
4.7854
4.7856
4.7858
4.786
4.7862
4.7864
4.7866
4.7868
4.787
4.7872
4.7874
4.7876
4.7878
4.788
4.7882
4.7884
4.7886
4.7888
4.789
4.7892
4.7894
4.7896
4.7898
4.79
4.7902
4.7904
4.7906
4.7908
4.791
4.7912
4.7914
4.7916
4.7918
4.792
4.7922
4.7924
4.7926
4.7928
4.793
4.7932
4.7934
4.7936
4.7938
4.794
4.7942
4.7944
4.7946
4.7948
4.795
4.7952
4.7954
4.7956
4.7958
4.796
4.7962
4.7964
4.7966
4.7968
4.797
4.7972
4.7974
4.7976
4.7978
4.798
4.7982
4.7984
4.7986
4.7988
4.799
4.7992
4.7994
4.7996
4.7998
4.8
4.8002
4.8004
4.8006
4.8008
4.801
4.8012
4.8014
4.8016
4.8018
4.802
4.8022
4.8024
4.8026
4.8028
4.803
4.8032
4.8034
4.8036
4.8038
4.804
4.8042
4.8044
4.8046
4.8048
4.805
4.8052
4.8054
4.8056
4.8058
4.806
4.8062
4.8064
4.8066
4.8068
4.807
4.8072
4.8074
4.8076
4.8078
4.808
4.8082
4.8084
4.8086
4.8088
4.809
4.8092
4.8094
4.8096
4.8098
4.81
4.8102
4.8104
4.8106
4.8108
4.811
4.8112
4.8114
4.8116
4.8118
4.812
4.8122
4.8124
4.8126
4.8128
4.813
4.8132
4.8134
4.8136
4.8138
4.814
4.8142
4.8144
4.8146
4.8148
4.815
4.8152
4.8154
4.8156
4.8158
4.816
4.8162
4.8164
4.8166
4.8168
4.817
4.8172
4.8174
4.8176
4.8178
4.818
4.8182
4.8184
4.8186
4.8188
4.819
4.8192
4.8194
4.8196
4.8198
4.82
4.8202
4.8204
4.8206
4.8208
4.821
4.8212
4.8214
4.8216
4.8218
4.822
4.8222
4.8224
4.8226
4.8228
4.823
4.8232
4.8234
4.8236
4.8238
4.824
4.8242
4.8244
4.8246
4.8248
4.825
4.8252
4.8254
4.8256
4.8258
4.826
4.8262
4.8264
4.8266
4.8268
4.827
4.8272
4.8274
4.8276
4.8278
4.828
4.8282
4.8284
4.8286
4.8288
4.829
4.8292
4.8294
4.8296
4.8298
4.83
4.8302
4.8304
4.8306
4.8308
4.831
4.8312
4.8314
4.8316
4.8318
4.832
4.8322
4.8324
4.8326
4.8328
4.833
4.8332
4.8334
4.8336
4.8338
4.834
4.8342
4.8344
4.8346
4.8348
4.835
4.8352
4.8354
4.8356
4.8358
4.836
4.8362
4.8364
4.8366
4.8368
4.837
4.8372
4.8374
4.8376
4.8378
4.838
4.8382
4.8384
4.8386
4.8388
4.839
4.8392
4.8394
4.8396
4.8398
4.84
4.8402
4.8404
4.8406
4.8408
4.841
4.8412
4.8414
4.8416
4.8418
4.842
4.8422
4.8424
4.8426
4.8428
4.843
4.8432
4.8434
4.8436
4.8438
4.844
4.8442
4.8444
4.8446
4.8448
4.845
4.8452
4.8454
4.8456
4.8458
4.846
4.8462
4.8464
4.8466
4.8468
4.847
4.8472
4.8474
4.8476
4.8478
4.848
4.8482
4.8484
4.8486
4.8488
4.849
4.8492
4.8494
4.8496
4.8498
4.85
4.8502
4.8504
4.8506
4.8508
4.851
4.8512
4.8514
4.8516
4.8518
4.852
4.8522
4.8524
4.8526
4.8528
4.853
4.8532
4.8534
4.8536
4.8538
4.854
4.8542
4.8544
4.8546
4.8548
4.855
4.8552
4.8554
4.8556
4.8558
4.856
4.8562
4.8564
4.8566
4.8568
4.857
4.8572
4.8574
4.8576
4.8578
4.858
4.8582
4.8584
4.8586
4.8588
4.859
4.8592
4.8594
4.8596
4.8598
4.86
4.8602
4.8604
4.8606
4.8608
4.861
4.8612
4.8614
4.8616
4.8618
4.862
4.8622
4.8624
4.8626
4.8628
4.863
4.8632
4.8634
4.8636
4.8638
4.864
4.8642
4.8644
4.8646
4.8648
4.865
4.8652
4.8654
4.8656
4.8658
4.866
4.8662
4.8664
4.8666
4.8668
4.867
4.8672
4.8674
4.8676
4.8678
4.868
4.8682
4.8684
4.8686
4.8688
4.869
4.8692
4.8694
4.8696
4.8698
4.87
4.8702
4.8704
4.8706
4.8708
4.871
4.8712
4.8714
4.8716
4.8718
4.872
4.8722
4.8724
4.8726
4.8728
4.873
4.8732
4.8734
4.8736
4.8738
4.874
4.8742
4.8744
4.8746
4.8748
4.875
4.8752
4.8754
4.8756
4.8758
4.876
4.8762
4.8764
4.8766
4.8768
4.877
4.8772
4.8774
4.8776
4.8778
4.878
4.8782
4.8784
4.8786
4.8788
4.879
4.8792
4.8794
4.8796
4.8798
4.88
4.8802
4.8804
4.8806
4.8808
4.881
4.8812
4.8814
4.8816
4.8818
4.882
4.8822
4.8824
4.8826
4.8828
4.883
4.8832
4.8834
4.8836
4.8838
4.884
4.8842
4.8844
4.8846
4.8848
4.885
4.8852
4.8854
4.8856
4.8858
4.886
4.8862
4.8864
4.8866
4.8868
4.887
4.8872
4.8874
4.8876
4.8878
4.888
4.8882
4.8884
4.8886
4.8888
4.889
4.8892
4.8894
4.8896
4.8898
4.89
4.8902
4.8904
4.8906
4.8908
4.891
4.8912
4.8914
4.8916
4.8918
4.892
4.8922
4.8924
4.8926
4.8928
4.893
4.8932
4.8934
4.8936
4.8938
4.894
4.8942
4.8944
4.8946
4.8948
4.895
4.8952
4.8954
4.8956
4.8958
4.896
4.8962
4.8964
4.8966
4.8968
4.897
4.8972
4.8974
4.8976
4.8978
4.898
4.8982
4.8984
4.8986
4.8988
4.899
4.8992
4.8994
4.8996
4.8998
4.9
4.9002
4.9004
4.9006
4.9008
4.901
4.9012
4.9014
4.9016
4.9018
4.902
4.9022
4.9024
4.9026
4.9028
4.903
4.9032
4.9034
4.9036
4.9038
4.904
4.9042
4.9044
4.9046
4.9048
4.905
4.9052
4.9054
4.9056
4.9058
4.906
4.9062
4.9064
4.9066
4.9068
4.907
4.9072
4.9074
4.9076
4.9078
4.908
4.9082
4.9084
4.9086
4.9088
4.909
4.9092
4.9094
4.9096
4.9098
4.91
4.9102
4.9104
4.9106
4.9108
4.911
4.9112
4.9114
4.9116
4.9118
4.912
4.9122
4.9124
4.9126
4.9128
4.913
4.9132
4.9134
4.9136
4.9138
4.914
4.9142
4.9144
4.9146
4.9148
4.915
4.9152
4.9154
4.9156
4.9158
4.916
4.9162
4.9164
4.9166
4.9168
4.917
4.9172
4.9174
4.9176
4.9178
4.918
4.9182
4.9184
4.9186
4.9188
4.919
4.9192
4.9194
4.9196
4.9198
4.92
4.9202
4.9204
4.9206
4.9208
4.921
4.9212
4.9214
4.9216
4.9218
4.922
4.9222
4.9224
4.9226
4.9228
4.923
4.9232
4.9234
4.9236
4.9238
4.924
4.9242
4.9244
4.9246
4.9248
4.925
4.9252
4.9254
4.9256
4.9258
4.926
4.9262
4.9264
4.9266
4.9268
4.927
4.9272
4.9274
4.9276
4.9278
4.928
4.9282
4.9284
4.9286
4.9288
4.929
4.9292
4.9294
4.9296
4.9298
4.93
4.9302
4.9304
4.9306
4.9308
4.931
4.9312
4.9314
4.9316
4.9318
4.932
4.9322
4.9324
4.9326
4.9328
4.933
4.9332
4.9334
4.9336
4.9338
4.934
4.9342
4.9344
4.9346
4.9348
4.935
4.9352
4.9354
4.9356
4.9358
4.936
4.9362
4.9364
4.9366
4.9368
4.937
4.9372
4.9374
4.9376
4.9378
4.938
4.9382
4.9384
4.9386
4.9388
4.939
4.9392
4.9394
4.9396
4.9398
4.94
4.9402
4.9404
4.9406
4.9408
4.941
4.9412
4.9414
4.9416
4.9418
4.942
4.9422
4.9424
4.9426
4.9428
4.943
4.9432
4.9434
4.9436
4.9438
4.944
4.9442
4.9444
4.9446
4.9448
4.945
4.9452
4.9454
4.9456
4.9458
4.946
4.9462
4.9464
4.9466
4.9468
4.947
4.9472
4.9474
4.9476
4.9478
4.948
4.9482
4.9484
4.9486
4.9488
4.949
4.9492
4.9494
4.9496
4.9498
4.95
4.9502
4.9504
4.9506
4.9508
4.951
4.9512
4.9514
4.9516
4.9518
4.952
4.9522
4.9524
4.9526
4.9528
4.953
4.9532
4.9534
4.9536
4.9538
4.954
4.9542
4.9544
4.9546
4.9548
4.955
4.9552
4.9554
4.9556
4.9558
4.956
4.9562
4.9564
4.9566
4.9568
4.957
4.9572
4.9574
4.9576
4.9578
4.958
4.9582
4.9584
4.9586
4.9588
4.959
4.9592
4.9594
4.9596
4.9598
4.96
4.9602
4.9604
4.9606
4.9608
4.961
4.9612
4.9614
4.9616
4.9618
4.962
4.9622
4.9624
4.9626
4.9628
4.963
4.9632
4.9634
4.9636
4.9638
4.964
4.9642
4.9644
4.9646
4.9648
4.965
4.9652
4.9654
4.9656
4.9658
4.966
4.9662
4.9664
4.9666
4.9668
4.967
4.9672
4.9674
4.9676
4.9678
4.968
4.9682
4.9684
4.9686
4.9688
4.969
4.9692
4.9694
4.9696
4.9698
4.97
4.9702
4.9704
4.9706
4.9708
4.971
4.9712
4.9714
4.9716
4.9718
4.972
4.9722
4.9724
4.9726
4.9728
4.973
4.9732
4.9734
4.9736
4.9738
4.974
4.9742
4.9744
4.9746
4.9748
4.975
4.9752
4.9754
4.9756
4.9758
4.976
4.9762
4.9764
4.9766
4.9768
4.977
4.9772
4.9774
4.9776
4.9778
4.978
4.9782
4.9784
4.9786
4.9788
4.979
4.9792
4.9794
4.9796
4.9798
4.98
4.9802
4.9804
4.9806
4.9808
4.981
4.9812
4.9814
4.9816
4.9818
4.982
4.9822
4.9824
4.9826
4.9828
4.983
4.9832
4.9834
4.9836
4.9838
4.984
4.9842
4.9844
4.9846
4.9848
4.985
4.9852
4.9854
4.9856
4.9858
4.986
4.9862
4.9864
4.9866
4.9868
4.987
4.9872
4.9874
4.9876
4.9878
4.988
4.9882
4.9884
4.9886
4.9888
4.989
4.9892
4.9894
4.9896
4.9898
4.99
4.9902
4.9904
4.9906
4.9908
4.991
4.9912
4.9914
4.9916
4.9918
4.992
4.9922
4.9924
4.9926
4.9928
4.993
4.9932
4.9934
4.9936
4.9938
4.994
4.9942
4.9944
4.9946
4.9948
4.995
4.9952
4.9954
4.9956
4.9958
4.996
4.9962
4.9964
4.9966
4.9968
4.997
4.9972
4.9974
4.9976
4.9978
4.998
4.9982
4.9984
4.9986
4.9988
4.999
4.9992
4.9994
4.9996
4.9998
