# Spatial-averaged data for fix AveDz and group all
# Timestep Number-of-bins
# Bin Coord Ncount c_MyDisp[3]
200 1
  1 1442.5 8000 -2.3249e-16
400 1
  1 1442.5 8000 -0.000715347
600 1
  1 1442.5 8000 -0.00143069
800 1
  1 1442.5 8000 -0.00214604
1000 1
  1 1442.5 8000 -0.00286139
1200 1
  1 1442.5 8000 -0.00357674
1400 1
  1 1442.5 8000 -0.00429208
1600 1
  1 1442.5 8000 -0.00500743
1800 1
  1 1442.5 8000 -0.00572278
2000 2
  1 -1442.5 16.09 -0.975629
  2 1442.5 7983.91 -0.00448491
2200 2
  1 -1442.5 27.92 -1.02407
  2 1442.5 7972.08 -0.00359201
2400 2
  1 -1442.5 28.67 -1.1427
  2 1442.5 7971.33 -0.00378724
2600 2
  1 -1442.5 19.63 -1.27481
  2 1442.5 7980.37 -0.00546952
2800 2
  1 -1442.5 16.53 -1.38418
  2 1442.5 7983.47 -0.00645279
3000 2
  1 -1442.5 19.77 -1.48704
  2 1442.5 7980.23 -0.00635573
3200 2
  1 -1442.5 18.64 -1.62441
  2 1442.5 7981.36 -0.00696156
3400 2
  1 -1442.5 25.96 -1.7231
  2 1442.5 7974.04 -0.00587316
3600 2
  1 -1442.5 29.16 -1.83895
  2 1442.5 7970.84 -0.00547791
3800 2
  1 -1442.5 37.05 -1.92204
  2 1442.5 7962.95 -0.00399331
4000 2
  1 -1442.5 26.82 -2.05296
  2 1442.5 7973.18 -0.00673161
4200 2
  1 -1442.5 28.22 -2.25845
  2 1442.5 7971.78 -0.00636269
4400 2
  1 -1442.5 48.59 -2.38007
  2 1442.5 7951.41 -0.000569787
4600 2
  1 -1442.5 68.31 -2.44559
  2 1442.5 7931.69 0.00518896
4800 2
  1 -1442.5 77.83 -2.53562
  2 1442.5 7922.17 0.00829611
5000 2
  1 -1442.5 87.27 -2.61461
  2 1442.5 7912.73 0.011479
5200 2
  1 -1442.5 81.05 -2.74925
  2 1442.5 7918.95 0.0100717
5400 2
  1 -1442.5 81.54 -2.85412
  2 1442.5 7918.46 0.0105996
5600 2
  1 -1442.5 82.12 -2.9721
  2 1442.5 7917.88 0.0113103
5800 2
  1 -1442.5 78.1 -3.10072
  2 1442.5 7921.9 0.010342
6000 2
  1 -1442.5 71.93 -3.24126
  2 1442.5 7928.07 0.0084741
6200 2
  1 -1442.5 77.01 -3.33269
  2 1442.5 7922.99 0.0107242
6400 2
  1 -1442.5 76.64 -3.45457
  2 1442.5 7923.36 0.0110246
6600 2
  1 -1442.5 78.26 -3.55614
  2 1442.5 7921.74 0.0120144
6800 2
  1 -1442.5 81.4 -3.69896
  2 1442.5 7918.6 0.0141747
7000 2
  1 -1442.5 97.25 -3.81777
  2 1442.5 7902.75 0.0223597
7200 2
  1 -1442.5 113.68 -3.90326
  2 1442.5 7886.32 0.0308668
7400 2
  1 -1442.5 122.15 -4.04421
  2 1442.5 7877.85 0.0365557
7600 2
  1 -1442.5 125.38 -4.13958
  2 1442.5 7874.62 0.0390213
7800 2
  1 -1442.5 116.06 -4.28903
  2 1442.5 7883.94 0.0355558
8000 2
  1 -1442.5 107.59 -4.45976
  2 1442.5 7892.41 0.032517
8200 2
  1 -1442.5 110.45 -4.53514
  2 1442.5 7889.55 0.0344753
8400 2
  1 -1442.5 120.12 -4.60933
  2 1442.5 7879.88 0.0404878
8600 2
  1 -1442.5 116.12 -4.74439
  2 1442.5 7883.88 0.0393921
8800 2
  1 -1442.5 123.76 -4.81437
  2 1442.5 7876.24 0.0444053
9000 2
  1 -1442.5 123.43 -4.91782
  2 1442.5 7876.57 0.0450964
9200 2
  1 -1442.5 117.67 -5.07042
  2 1442.5 7882.33 0.0430216
9400 2
  1 -1442.5 122.49 -5.13177
  2 1442.5 7877.51 0.0463779
9600 2
  1 -1442.5 138.75 -5.24309
  2 1442.5 7861.25 0.0583251
9800 2
  1 -1442.5 149.41 -5.33621
  2 1442.5 7850.59 0.066567
10000 2
  1 -1442.5 172.35 -5.39423
  2 1442.5 7827.65 0.082947
10200 2
  1 -1442.5 187.46 -5.43123
  2 1442.5 7812.54 0.0936954
10400 2
  1 -1442.5 193 -5.55606
  2 1442.5 7807 0.099969
10600 2
  1 -1442.5 189.66 -5.68394
  2 1442.5 7810.34 0.0999229
10800 2
  1 -1442.5 190.81 -5.80843
  2 1442.5 7809.19 0.103084
11000 2
  1 -1442.5 188.73 -5.94119
  2 1442.5 7811.27 0.103984
11200 2
  1 -1442.5 185.07 -6.05333
  2 1442.5 7814.93 0.103077
11400 2
  1 -1442.5 177.32 -6.21022
  2 1442.5 7822.68 0.0998022
11600 2
  1 -1442.5 180.11 -6.30495
  2 1442.5 7819.89 0.103503
11800 2
  1 -1442.5 178.23 -6.43139
  2 1442.5 7821.77 0.104113
12000 2
  1 -1442.5 184.47 -6.51774
  2 1442.5 7815.53 0.110637
12200 2
  1 -1442.5 192.69 -6.60931
  2 1442.5 7807.31 0.119142
12400 2
  1 -1442.5 192.71 -6.71781
  2 1442.5 7807.29 0.121105
12600 2
  1 -1442.5 212.44 -6.83198
  2 1442.5 7787.56 0.140811
12800 2
  1 -1442.5 226.91 -6.91772
  2 1442.5 7773.09 0.155558
13000 2
  1 -1442.5 237.57 -6.95319
  2 1442.5 7762.43 0.16562
13200 2
  1 -1442.5 247.05 -6.99442
  2 1442.5 7752.95 0.1749
13400 2
  1 -1442.5 247.57 -6.99789
  2 1442.5 7752.43 0.174754
13600 2
  1 -1442.5 249.53 -7.08766
  2 1442.5 7750.47 0.178719
13800 2
  1 -1442.5 249.65 -7.14208
  2 1442.5 7750.35 0.179846
14000 2
  1 -1442.5 249.77 -7.18689
  2 1442.5 7750.23 0.180665
14200 2
  1 -1442.5 250 -7.2417
  2 1442.5 7750 0.181914
14400 2
  1 -1442.5 250 -7.21491
  2 1442.5 7750 0.180311
14600 2
  1 -1442.5 250 -7.33463
  2 1442.5 7750 0.183434
14800 2
  1 -1442.5 250.28 -7.47742
  2 1442.5 7749.72 0.187579
15000 2
  1 -1442.5 250.3 -7.61579
  2 1442.5 7749.7 0.191329
15200 2
  1 -1442.5 255.23 -7.82654
  2 1442.5 7744.77 0.202506
15400 2
  1 -1442.5 274.84 -8.12631
  2 1442.5 7725.16 0.232811
15600 2
  1 -1442.5 277.4 -8.22514
  2 1442.5 7722.6 0.238391
15800 2
  1 -1442.5 282.84 -8.36502
  2 1442.5 7717.16 0.248742
16000 2
  1 -1442.5 287.56 -8.46828
  2 1442.5 7712.44 0.257122
16200 2
  1 -1442.5 293.92 -8.61305
  2 1442.5 7706.08 0.269102
16400 2
  1 -1442.5 295.81 -8.69991
  2 1442.5 7704.19 0.273874
16600 2
  1 -1442.5 297.07 -8.78392
  2 1442.5 7702.93 0.277838
16800 2
  1 -1442.5 298.41 -8.85418
  2 1442.5 7701.59 0.281395
17000 2
  1 -1442.5 298.97 -8.85627
  2 1442.5 7701.03 0.281397
17200 2
  1 -1442.5 301 -8.80603
  2 1442.5 7699 0.281099
17400 2
  1 -1442.5 300.46 -8.84849
  2 1442.5 7699.54 0.281375
17600 2
  1 -1442.5 300.2 -8.93745
  2 1442.5 7699.8 0.283792
17800 2
  1 -1442.5 300.13 -9.0248
  2 1442.5 7699.87 0.286369
18000 2
  1 -1442.5 301.46 -8.9845
  2 1442.5 7698.54 0.285657
18200 2
  1 -1442.5 300.65 -9.13226
  2 1442.5 7699.35 0.289708
18400 2
  1 -1442.5 300 -9.28035
  2 1442.5 7700 0.293939
18600 2
  1 -1442.5 304.31 -9.40652
  2 1442.5 7695.69 0.303547
18800 2
  1 -1442.5 309.83 -9.60231
  2 1442.5 7690.17 0.317661
19000 2
  1 -1442.5 332.1 -9.73203
  2 1442.5 7667.9 0.351343
19200 2
  1 -1442.5 346.9 -9.90443
  2 1442.5 7653.1 0.37791
19400 2
  1 -1442.5 350 -10.1294
  2 1442.5 7650 0.391623
19600 2
  1 -1442.5 349.75 -10.3492
  2 1442.5 7650.25 0.400576
19800 2
  1 -1442.5 349.31 -10.592
  2 1442.5 7650.69 0.410297
20000 2
  1 -1442.5 347.18 -10.801
  2 1442.5 7652.82 0.415969
20200 2
  1 -1442.5 359.74 -10.9969
  2 1442.5 7640.26 0.442881
20400 2
  1 -1442.5 375.04 -11.1246
  2 1442.5 7624.96 0.471371
20600 2
  1 -1442.5 376.76 -11.2317
  2 1442.5 7623.24 0.478527
20800 2
  1 -1442.5 387.53 -11.3368
  2 1442.5 7612.47 0.499693
21000 2
  1 -1442.5 389.4 -11.5166
  2 1442.5 7610.6 0.511048
21200 2
  1 -1442.5 388.83 -11.704
  2 1442.5 7611.17 0.518968
21400 2
  1 -1442.5 381.82 -11.9221
  2 1442.5 7618.18 0.517904
21600 2
  1 -1442.5 382.78 -12.1377
  2 1442.5 7617.22 0.529552
21800 2
  1 -1442.5 397.09 -12.3032
  2 1442.5 7602.91 0.561289
22000 2
  1 -1442.5 396.11 -12.4478
  2 1442.5 7603.89 0.566408
22200 2
  1 -1442.5 406.85 -12.5756
  2 1442.5 7593.15 0.59091
22400 2
  1 -1442.5 410.67 -12.7514
  2 1442.5 7589.33 0.606296
22600 2
  1 -1442.5 411.52 -12.9058
  2 1442.5 7588.48 0.615413
22800 2
  1 -1442.5 413.12 -13.0057
  2 1442.5 7586.88 0.622947
23000 2
  1 -1442.5 417.72 -13.0631
  2 1442.5 7582.28 0.633625
23200 2
  1 -1442.5 420.35 -13.1789
  2 1442.5 7579.65 0.644045
23400 2
  1 -1442.5 419.91 -13.2478
  2 1442.5 7580.09 0.646306
23600 2
  1 -1442.5 423.92 -13.3522
  2 1442.5 7576.08 0.658747
23800 2
  1 -1442.5 421.45 -13.4196
  2 1442.5 7578.55 0.657169
24000 2
  1 -1442.5 425.46 -13.4846
  2 1442.5 7574.54 0.667521
24200 2
  1 -1442.5 427.47 -13.5478
  2 1442.5 7572.53 0.674089
24400 2
  1 -1442.5 431.52 -13.6775
  2 1442.5 7568.48 0.688338
24600 2
  1 -1442.5 437.68 -13.7542
  2 1442.5 7562.32 0.703723
24800 2
  1 -1442.5 449.92 -13.9068
  2 1442.5 7550.08 0.735496
25000 2
  1 -1442.5 461.22 -13.9984
  2 1442.5 7538.78 0.762288
25200 2
  1 -1442.5 468.93 -14.1333
  2 1442.5 7531.07 0.785037
25400 2
  1 -1442.5 468.5 -14.3287
  2 1442.5 7531.5 0.79558
25600 2
  1 -1442.5 469.54 -14.4228
  2 1442.5 7530.46 0.802779
25800 2
  1 -1442.5 467.58 -14.5865
  2 1442.5 7532.42 0.80822
26000 2
  1 -1442.5 466.42 -14.7571
  2 1442.5 7533.58 0.81565
26200 2
  1 -1442.5 465.93 -14.9242
  2 1442.5 7534.07 0.82421
26400 2
  1 -1442.5 465.83 -15.0243
  2 1442.5 7534.17 0.829434
26600 2
  1 -1442.5 474.3 -15.146
  2 1442.5 7525.7 0.854184
26800 2
  1 -1442.5 481.34 -15.261
  2 1442.5 7518.66 0.875769
27000 2
  1 -1442.5 485.16 -15.35
  2 1442.5 7514.84 0.888952
27200 2
  1 -1442.5 491.55 -15.4004
  2 1442.5 7508.45 0.905312
27400 2
  1 -1442.5 499.86 -15.5127
  2 1442.5 7500.14 0.9301
27600 2
  1 -1442.5 499.35 -15.6392
  2 1442.5 7500.65 0.936641
27800 2
  1 -1442.5 507.48 -15.7492
  2 1442.5 7492.52 0.961313
28000 2
  1 -1442.5 506.35 -15.8623
  2 1442.5 7493.65 0.965672
28200 2
  1 -1442.5 515.55 -15.9172
  2 1442.5 7484.45 0.989376
28400 2
  1 -1442.5 519.71 -16.0946
  2 1442.5 7480.29 1.01034
28600 2
  1 -1442.5 513.51 -16.2963
  2 1442.5 7486.49 1.00924
28800 2
  1 -1442.5 507.61 -16.5768
  2 1442.5 7492.39 1.01386
29000 2
  1 -1442.5 534.52 -16.9213
  2 1442.5 7465.48 1.10116
29200 2
  1 -1442.5 547.72 -17.3197
  2 1442.5 7452.28 1.16159
29400 2
  1 -1442.5 548.12 -17.6938
  2 1442.5 7451.88 1.18933
29600 2
  1 -1442.5 541.78 -17.989
  2 1442.5 7458.22 1.19396
29800 2
  1 -1442.5 555.08 -18.2593
  2 1442.5 7444.92 1.24762
30000 2
  1 -1442.5 567.19 -18.454
  2 1442.5 7432.81 1.29348
30200 2
  1 -1442.5 572.36 -18.59
  2 1442.5 7427.64 1.31694
30400 2
  1 -1442.5 580.48 -18.6926
  2 1442.5 7419.52 1.34598
30600 2
  1 -1442.5 579.58 -18.8268
  2 1442.5 7420.42 1.35326
30800 2
  1 -1442.5 574.81 -18.9487
  2 1442.5 7425.19 1.34896
31000 2
  1 -1442.5 574.28 -19.0758
  2 1442.5 7425.72 1.35657
31200 2
  1 -1442.5 577.61 -19.2306
  2 1442.5 7422.39 1.37702
31400 2
  1 -1442.5 578.49 -19.4039
  2 1442.5 7421.51 1.3922
31600 2
  1 -1442.5 590.07 -19.5768
  2 1442.5 7409.93 1.4377
31800 2
  1 -1442.5 596.63 -19.6895
  2 1442.5 7403.37 1.46462
32000 2
  1 -1442.5 600.13 -19.7629
  2 1442.5 7399.87 1.47981
32200 2
  1 -1442.5 606.33 -19.7616
  2 1442.5 7393.67 1.49674
32400 2
  1 -1442.5 601.42 -19.767
  2 1442.5 7398.58 1.4823
32600 2
  1 -1442.5 610.74 -19.7956
  2 1442.5 7389.26 1.51069
32800 2
  1 -1442.5 618.28 -19.8556
  2 1442.5 7381.72 1.5367
33000 2
  1 -1442.5 624.99 -19.9824
  2 1442.5 7375.01 1.56613
33200 2
  1 -1442.5 629.36 -20.1195
  2 1442.5 7370.64 1.58984
33400 2
  1 -1442.5 628.15 -20.315
  2 1442.5 7371.85 1.60216
33600 2
  1 -1442.5 624.4 -20.5273
  2 1442.5 7375.6 1.60821
33800 2
  1 -1442.5 623.32 -20.731
  2 1442.5 7376.68 1.62141
34000 2
  1 -1442.5 631.91 -20.8554
  2 1442.5 7368.09 1.65736
34200 2
  1 -1442.5 639.67 -20.9999
  2 1442.5 7360.33 1.69287
34400 2
  1 -1442.5 646.21 -21.1586
  2 1442.5 7353.79 1.72623
34600 2
  1 -1442.5 655.15 -21.2854
  2 1442.5 7344.85 1.76461
34800 2
  1 -1442.5 660.71 -21.4652
  2 1442.5 7339.29 1.79748
35000 2
  1 -1442.5 652.53 -21.688
  2 1442.5 7347.47 1.79059
35200 2
  1 -1442.5 653.28 -21.905
  2 1442.5 7346.72 1.81151
35400 2
  1 -1442.5 661.51 -22.139
  2 1442.5 7338.49 1.85841
35600 2
  1 -1442.5 669.04 -22.3437
  2 1442.5 7330.96 1.90097
35800 2
  1 -1442.5 674.79 -22.4655
  2 1442.5 7325.21 1.93044
36000 2
  1 -1442.5 683.11 -22.6361
  2 1442.5 7316.89 1.97332
36200 2
  1 -1442.5 689.2 -22.7838
  2 1442.5 7310.8 2.00696
36400 2
  1 -1442.5 690.58 -22.9038
  2 1442.5 7309.42 2.0222
36600 2
  1 -1442.5 695.25 -22.9908
  2 1442.5 7304.75 2.04563
36800 2
  1 -1442.5 700.13 -23.0538
  2 1442.5 7299.87 2.06763
37000 2
  1 -1442.5 700.56 -23.165
  2 1442.5 7299.44 2.07899
37200 2
  1 -1442.5 705.32 -23.3311
  2 1442.5 7294.68 2.11074
37400 2
  1 -1442.5 707.19 -23.4868
  2 1442.5 7292.81 2.13158
37600 2
  1 -1442.5 713.82 -23.6231
  2 1442.5 7286.18 2.16745
37800 2
  1 -1442.5 716.16 -23.7409
  2 1442.5 7283.84 2.18654
38000 2
  1 -1442.5 719.9 -23.7989
  2 1442.5 7280.1 2.20481
38200 2
  1 -1442.5 723.94 -23.8752
  2 1442.5 7276.06 2.22605
38400 2
  1 -1442.5 728.44 -23.9388
  2 1442.5 7271.56 2.24778
38600 2
  1 -1442.5 731.52 -24.0857
  2 1442.5 7268.48 2.27289
38800 2
  1 -1442.5 732.93 -24.1996
  2 1442.5 7267.07 2.28869
39000 2
  1 -1442.5 740.74 -24.3225
  2 1442.5 7259.26 2.32895
39200 2
  1 -1442.5 744.67 -24.5098
  2 1442.5 7255.33 2.36182
39400 2
  1 -1442.5 745.64 -24.6602
  2 1442.5 7254.36 2.38008
39600 2
  1 -1442.5 749.99 -24.8013
  2 1442.5 7250.01 2.41011
39800 2
  1 -1442.5 753.01 -24.9217
  2 1442.5 7246.99 2.43318
40000 2
  1 -1442.5 752.99 -25.0199
  2 1442.5 7247.01 2.44251
40200 2
  1 -1442.5 763.44 -25.0928
  2 1442.5 7236.56 2.48907
40400 2
  1 -1442.5 770.13 -25.2157
  2 1442.5 7229.87 2.52689
40600 2
  1 -1442.5 778.5 -25.4065
  2 1442.5 7221.5 2.57882
40800 2
  1 -1442.5 787.11 -25.6333
  2 1442.5 7212.89 2.63618
41000 2
  1 -1442.5 787.52 -25.8385
  2 1442.5 7212.48 2.6594
41200 2
  1 -1442.5 783.48 -26.0481
  2 1442.5 7216.52 2.66541
41400 2
  1 -1442.5 782.05 -26.25
  2 1442.5 7217.95 2.6808
41600 2
  1 -1442.5 784.79 -26.379
  2 1442.5 7215.21 2.70503
41800 2
  1 -1442.5 794.66 -26.4991
  2 1442.5 7205.34 2.75732
42000 2
  1 -1442.5 803.66 -26.6094
  2 1442.5 7196.34 2.80543
42200 2
  1 -1442.5 809.28 -26.7206
  2 1442.5 7190.72 2.84014
42400 2
  1 -1442.5 818.13 -26.8442
  2 1442.5 7181.87 2.88985
42600 2
  1 -1442.5 821.55 -27.022
  2 1442.5 7178.45 2.92357
42800 2
  1 -1442.5 824.29 -27.2361
  2 1442.5 7175.71 2.9588
43000 2
  1 -1442.5 828.31 -27.458
  2 1442.5 7171.69 3.00055
43200 2
  1 -1442.5 823.08 -27.6633
  2 1442.5 7176.92 3.0011
43400 2
  1 -1442.5 825.32 -27.8227
  2 1442.5 7174.68 3.02822
43600 2
  1 -1442.5 822.32 -27.9984
  2 1442.5 7177.68 3.03465
43800 2
  1 -1442.5 822.38 -28.1824
  2 1442.5 7177.62 3.0552
44000 2
  1 -1442.5 830.27 -28.3763
  2 1442.5 7169.73 3.11124
44200 2
  1 -1442.5 842.47 -28.5459
  2 1442.5 7157.53 3.18407
44400 2
  1 -1442.5 847.96 -28.6777
  2 1442.5 7152.04 3.22325
44600 2
  1 -1442.5 850.06 -28.784
  2 1442.5 7149.94 3.24446
44800 2
  1 -1442.5 850.76 -28.9042
  2 1442.5 7149.24 3.2611
45000 2
  1 -1442.5 850.72 -29.0401
  2 1442.5 7149.28 3.27629
45200 2
  1 -1442.5 851.81 -29.2066
  2 1442.5 7148.19 3.30026
45400 2
  1 -1442.5 856.19 -29.3145
  2 1442.5 7143.81 3.33231
45600 2
  1 -1442.5 865.87 -29.4164
  2 1442.5 7134.13 3.38818
45800 2
  1 -1442.5 869.74 -29.5388
  2 1442.5 7130.26 3.42011
46000 2
  1 -1442.5 883.11 -29.7193
  2 1442.5 7116.89 3.50362
46200 2
  1 -1442.5 894.33 -29.9693
  2 1442.5 7105.67 3.58675
46400 2
  1 -1442.5 895.49 -30.1964
  2 1442.5 7104.51 3.62004
46600 2
  1 -1442.5 902.02 -30.4333
  2 1442.5 7097.98 3.68045
46800 2
  1 -1442.5 901.21 -30.6101
  2 1442.5 7098.79 3.6982
47000 2
  1 -1442.5 906.01 -30.7606
  2 1442.5 7093.99 3.73983
47200 2
  1 -1442.5 912.86 -30.9037
  2 1442.5 7087.14 3.79079
47400 2
  1 -1442.5 921.45 -31.0417
  2 1442.5 7078.55 3.85006
47600 2
  1 -1442.5 934.75 -31.2005
  2 1442.5 7065.25 3.93594
47800 2
  1 -1442.5 934.94 -31.41
  2 1442.5 7065.06 3.9638
48000 2
  1 -1442.5 923.69 -31.6994
  2 1442.5 7076.31 3.94452
48200 2
  1 -1442.5 909.19 -31.9417
  2 1442.5 7090.81 3.9019
48400 2
  1 -1442.5 905.46 -32.2279
  2 1442.5 7094.54 3.91878
48600 2
  1 -1442.5 925.98 -32.5255
  2 1442.5 7074.02 4.06177
48800 2
  1 -1442.5 943.69 -32.7544
  2 1442.5 7056.31 4.1834
49000 2
  1 -1442.5 948.76 -33.0184
  2 1442.5 7051.24 4.24467
49200 2
  1 -1442.5 949.54 -33.3152
  2 1442.5 7050.46 4.28796
49400 2
  1 -1442.5 950.73 -33.5855
  2 1442.5 7049.27 4.32995
49600 2
  1 -1442.5 967.19 -33.814
  2 1442.5 7032.81 4.44929
49800 2
  1 -1442.5 987.05 -33.9959
  2 1442.5 7012.95 4.58243
50000 2
  1 -1442.5 991.57 -34.1574
  2 1442.5 7008.43 4.62935
50200 2
  1 -1442.5 992.55 -34.3209
  2 1442.5 7007.45 4.65712
50400 2
  1 -1442.5 983.5 -34.5369
  2 1442.5 7016.5 4.6363
50600 2
  1 -1442.5 976.83 -34.7433
  2 1442.5 7023.17 4.627
50800 2
  1 -1442.5 973.73 -34.8966
  2 1442.5 7026.27 4.63005
51000 2
  1 -1442.5 972.13 -35.0057
  2 1442.5 7027.87 4.63533
51200 2
  1 -1442.5 968.24 -35.0953
  2 1442.5 7031.76 4.62493
51400 2
  1 -1442.5 975.78 -35.1337
  2 1442.5 7024.22 4.67208
51600 2
  1 -1442.5 985.83 -35.0925
  2 1442.5 7014.17 4.72251
51800 2
  1 -1442.5 992.94 -35.0949
  2 1442.5 7007.06 4.76243
52000 2
  1 -1442.5 993 -35.0789
  2 1442.5 7007 4.75969
52200 2
  1 -1442.5 997.54 -35.1342
  2 1442.5 7002.46 4.79258
52400 2
  1 -1442.5 1004.05 -35.2304
  2 1442.5 6995.95 4.84272
52600 2
  1 -1442.5 1011.63 -35.3147
  2 1442.5 6988.37 4.89758
52800 2
  1 -1442.5 1020.88 -35.4239
  2 1442.5 6979.12 4.96602
53000 2
  1 -1442.5 1035.11 -35.5004
  2 1442.5 6964.89 5.05909
53200 2
  1 -1442.5 1043.05 -35.6135
  2 1442.5 6956.95 5.12152
53400 2
  1 -1442.5 1049.75 -35.7684
  2 1442.5 6950.25 5.18336
53600 2
  1 -1442.5 1047.93 -35.984
  2 1442.5 6952.07 5.20431
53800 2
  1 -1442.5 1034.05 -36.263
  2 1442.5 6965.95 5.16284
54000 2
  1 -1442.5 1015.05 -36.5623
  2 1442.5 6984.95 5.09283
54200 2
  1 -1442.5 1039.16 -36.8384
  2 1442.5 6960.84 5.27751
54400 2
  1 -1442.5 1051.8 -37.0825
  2 1442.5 6948.2 5.39025
54600 2
  1 -1442.5 1050.46 -37.3363
  2 1442.5 6949.54 5.4196
54800 2
  1 -1442.5 1050.28 -37.4859
  2 1442.5 6949.72 5.44027
55000 2
  1 -1442.5 1050.22 -37.6449
  2 1442.5 6949.78 5.4631
55200 2
  1 -1442.5 1052.92 -37.8448
  2 1442.5 6947.08 5.50933
55400 2
  1 -1442.5 1074.25 -38.0074
  2 1442.5 6925.75 5.66725
55600 2
  1 -1442.5 1087.13 -38.1475
  2 1442.5 6912.87 5.76982
55800 2
  1 -1442.5 1092.23 -38.2321
  2 1442.5 6907.77 5.8148
56000 2
  1 -1442.5 1095.41 -38.3028
  2 1442.5 6904.59 5.84548
56200 2
  1 -1442.5 1094.17 -38.363
  2 1442.5 6905.83 5.84626
56400 2
  1 -1442.5 1090.94 -38.3616
  2 1442.5 6909.06 5.82455
56600 2
  1 -1442.5 1091.27 -38.3843
  2 1442.5 6908.73 5.82941
56800 2
  1 -1442.5 1092.03 -38.4042
  2 1442.5 6907.97 5.83658
57000 2
  1 -1442.5 1095.4 -38.4646
  2 1442.5 6904.6 5.86694
57200 2
  1 -1442.5 1094.45 -38.5106
  2 1442.5 6905.55 5.8673
57400 2
  1 -1442.5 1095.61 -38.5653
  2 1442.5 6904.39 5.88261
57600 2
  1 -1442.5 1105.96 -38.6603
  2 1442.5 6894.04 5.96374
57800 2
  1 -1442.5 1109.97 -38.7521
  2 1442.5 6890.03 6.00368
58000 2
  1 -1442.5 1112.05 -38.899
  2 1442.5 6887.95 6.04008
58200 2
  1 -1442.5 1106.47 -39.1046
  2 1442.5 6893.53 6.03588
58400 2
  1 -1442.5 1107.64 -39.3064
  2 1442.5 6892.36 6.07513
58600 2
  1 -1442.5 1116.03 -39.5234
  2 1442.5 6883.97 6.16479
58800 2
  1 -1442.5 1130.25 -39.7504
  2 1442.5 6869.75 6.29588
59000 2
  1 -1442.5 1142.91 -40.0206
  2 1442.5 6857.09 6.42509
59200 2
  1 -1442.5 1149.8 -40.3002
  2 1442.5 6850.2 6.51791
59400 2
  1 -1442.5 1154.82 -40.5904
  2 1442.5 6845.18 6.60035
59600 2
  1 -1442.5 1164.53 -40.8002
  2 1442.5 6835.47 6.7023
59800 2
  1 -1442.5 1169.41 -40.9659
  2 1442.5 6830.59 6.76377
60000 2
  1 -1442.5 1185.67 -41.1094
  2 1442.5 6814.33 6.90179
60200 2
  1 -1442.5 1193.22 -41.2258
  2 1442.5 6806.78 6.97461
60400 2
  1 -1442.5 1194.05 -41.3445
  2 1442.5 6805.95 7.00047
60600 2
  1 -1442.5 1195.68 -41.4726
  2 1442.5 6804.32 7.03372
60800 2
  1 -1442.5 1198.34 -41.5725
  2 1442.5 6801.66 7.06944
61000 2
  1 -1442.5 1198.67 -41.6339
  2 1442.5 6801.33 7.08179
61200 2
  1 -1442.5 1194.54 -41.7026
  2 1442.5 6805.46 7.06344
61400 2
  1 -1442.5 1197.05 -41.7185
  2 1442.5 6802.95 7.0834
61600 2
  1 -1442.5 1199.62 -41.7045
  2 1442.5 6800.38 7.09852
61800 2
  1 -1442.5 1199.99 -41.7564
  2 1442.5 6800.01 7.1095
62000 2
  1 -1442.5 1199.35 -41.797
  2 1442.5 6800.65 7.11122
62200 2
  1 -1442.5 1200.27 -41.8231
  2 1442.5 6799.73 7.1216
62400 2
  1 -1442.5 1200.03 -41.9048
  2 1442.5 6799.97 7.13345
62600 2
  1 -1442.5 1200.48 -42.0335
  2 1442.5 6799.52 7.15858
62800 2
  1 -1442.5 1205.25 -42.1963
  2 1442.5 6794.75 7.22114
63000 2
  1 -1442.5 1215.61 -42.423
  2 1442.5 6784.39 7.33638
63200 2
  1 -1442.5 1228.62 -42.6718
  2 1442.5 6771.38 7.47629
63400 2
  1 -1442.5 1239.59 -42.8823
  2 1442.5 6760.41 7.59541
63600 2
  1 -1442.5 1242.95 -43.1119
  2 1442.5 6757.05 7.66189
63800 2
  1 -1442.5 1238.35 -43.3402
  2 1442.5 6761.65 7.66832
64000 2
  1 -1442.5 1238.37 -43.5771
  2 1442.5 6761.63 7.711
64200 2
  1 -1442.5 1247.68 -43.8376
  2 1442.5 6752.32 7.82902
64400 2
  1 -1442.5 1261.91 -44.0501
  2 1442.5 6738.09 7.97707
64600 2
  1 -1442.5 1267.38 -44.2406
  2 1442.5 6732.62 8.05436
64800 2
  1 -1442.5 1267.88 -44.4645
  2 1442.5 6732.12 8.09955
65000 2
  1 -1442.5 1267.04 -44.5867
  2 1442.5 6732.96 8.11515
65200 2
  1 -1442.5 1272.31 -44.6663
  2 1442.5 6727.69 8.17062
65400 2
  1 -1442.5 1274.44 -44.73
  2 1442.5 6725.56 8.19858
65600 2
  1 -1442.5 1271.5 -44.8092
  2 1442.5 6728.5 8.18957
65800 2
  1 -1442.5 1276.88 -44.8821
  2 1442.5 6723.12 8.24497
66000 2
  1 -1442.5 1277.01 -44.9575
  2 1442.5 6722.99 8.25948
66200 2
  1 -1442.5 1270.92 -45.0061
  2 1442.5 6729.08 8.21963
66400 2
  1 -1442.5 1277.36 -45.0418
  2 1442.5 6722.64 8.27656
66600 2
  1 -1442.5 1281.23 -45.0699
  2 1442.5 6718.77 8.31178
66800 2
  1 -1442.5 1286.76 -45.092
  2 1442.5 6713.24 8.35915
67000 2
  1 -1442.5 1292.73 -45.1666
  2 1442.5 6707.27 8.42024
67200 2
  1 -1442.5 1302.57 -45.2848
  2 1442.5 6697.43 8.5211
67400 2
  1 -1442.5 1313.01 -45.4123
  2 1442.5 6686.99 8.62929
67600 2
  1 -1442.5 1316.42 -45.5404
  2 1442.5 6683.58 8.68124
67800 2
  1 -1442.5 1321.75 -45.707
  2 1442.5 6678.25 8.75663
68000 2
  1 -1442.5 1324.24 -45.913
  2 1442.5 6675.76 8.81695
68200 2
  1 -1442.5 1321.57 -46.128
  2 1442.5 6678.43 8.83674
68400 2
  1 -1442.5 1317.43 -46.3909
  2 1442.5 6682.57 8.85367
68600 2
  1 -1442.5 1321.46 -46.6633
  2 1442.5 6678.54 8.94006
68800 2
  1 -1442.5 1337 -46.8954
  2 1442.5 6663 9.11544
69000 2
  1 -1442.5 1345.54 -47.105
  2 1442.5 6654.46 9.22885
69200 2
  1 -1442.5 1349.95 -47.3112
  2 1442.5 6650.05 9.30721
69400 2
  1 -1442.5 1350.88 -47.5174
  2 1442.5 6649.12 9.35617
69600 2
  1 -1442.5 1354.43 -47.6746
  2 1442.5 6645.57 9.41772
69800 2
  1 -1442.5 1361.62 -47.8293
  2 1442.5 6638.38 9.51042
70000 2
  1 -1442.5 1371.3 -47.9617
  2 1442.5 6628.7 9.62068
70200 2
  1 -1442.5 1374.37 -48.0488
  2 1442.5 6625.63 9.66456
70400 2
  1 -1442.5 1377.72 -48.1119
  2 1442.5 6622.28 9.70604
70600 2
  1 -1442.5 1378.02 -48.1346
  2 1442.5 6621.98 9.71251
70800 2
  1 -1442.5 1375 -48.2028
  2 1442.5 6625 9.69944
71000 2
  1 -1442.5 1376.53 -48.2671
  2 1442.5 6623.47 9.7253
71200 2
  1 -1442.5 1377.44 -48.3007
  2 1442.5 6622.56 9.7394
71400 2
  1 -1442.5 1379.4 -48.3472
  2 1442.5 6620.6 9.76541
71600 2
  1 -1442.5 1383.19 -48.4371
  2 1442.5 6616.81 9.81661
71800 2
  1 -1442.5 1382.07 -48.5317
  2 1442.5 6617.93 9.82565
72000 2
  1 -1442.5 1393.27 -48.5974
  2 1442.5 6606.73 9.93757
72200 2
  1 -1442.5 1401.88 -48.6865
  2 1442.5 6598.12 10.032
72400 2
  1 -1442.5 1406.92 -48.835
  2 1442.5 6593.08 10.1077
72600 2
  1 -1442.5 1406.63 -49.0211
  2 1442.5 6593.37 10.144
72800 2
  1 -1442.5 1407.23 -49.2488
  2 1442.5 6592.77 10.1971
73000 2
  1 -1442.5 1413.47 -49.4938
  2 1442.5 6586.53 10.3051
73200 2
  1 -1442.5 1429.31 -49.7426
  2 1442.5 6570.69 10.5025
73400 2
  1 -1442.5 1439.58 -49.9881
  2 1442.5 6560.42 10.6498
73600 2
  1 -1442.5 1442.43 -50.1861
  2 1442.5 6557.57 10.7189
73800 2
  1 -1442.5 1440.17 -50.3891
  2 1442.5 6559.83 10.7416
74000 2
  1 -1442.5 1441.22 -50.6418
  2 1442.5 6558.78 10.806
74200 2
  1 -1442.5 1452.62 -50.8398
  2 1442.5 6547.38 10.9561
74400 2
  1 -1442.5 1464.06 -50.9972
  2 1442.5 6535.94 11.0986
74600 2
  1 -1442.5 1472.59 -51.1317
  2 1442.5 6527.41 11.2092
74800 2
  1 -1442.5 1478.38 -51.2316
  2 1442.5 6521.62 11.2863
75000 2
  1 -1442.5 1474.43 -51.3118
  2 1442.5 6525.57 11.2657
75200 2
  1 -1442.5 1482.77 -51.3685
  2 1442.5 6517.23 11.3578
75400 2
  1 -1442.5 1480.54 -51.4248
  2 1442.5 6519.46 11.3483
75600 2
  1 -1442.5 1481.11 -51.4733
  2 1442.5 6518.89 11.3639
75800 2
  1 -1442.5 1483.34 -51.5029
  2 1442.5 6516.66 11.3913
76000 2
  1 -1442.5 1486.54 -51.5399
  2 1442.5 6513.46 11.4298
76200 2
  1 -1442.5 1484.17 -51.6069
  2 1442.5 6515.83 11.4212
76400 2
  1 -1442.5 1483.04 -51.6773
  2 1442.5 6516.96 11.4254
76600 2
  1 -1442.5 1485.67 -51.7742
  2 1442.5 6514.33 11.4721
76800 2
  1 -1442.5 1489.49 -51.8885
  2 1442.5 6510.51 11.5345
77000 2
  1 -1442.5 1499.31 -52.0112
  2 1442.5 6500.69 11.6577
77200 2
  1 -1442.5 1504.53 -52.1496
  2 1442.5 6495.47 11.7401
77400 2
  1 -1442.5 1507.83 -52.3116
  2 1442.5 6492.17 11.8093
77600 2
  1 -1442.5 1515.17 -52.495
  2 1442.5 6484.83 11.9239
77800 2
  1 -1442.5 1519.36 -52.7282
  2 1442.5 6480.64 12.0193
78000 2
  1 -1442.5 1523.39 -52.9811
  2 1442.5 6476.61 12.1182
78200 2
  1 -1442.5 1527.58 -53.2349
  2 1442.5 6472.42 12.2193
78400 2
  1 -1442.5 1531.35 -53.5054
  2 1442.5 6468.65 12.3206
78600 2
  1 -1442.5 1537.62 -53.741
  2 1442.5 6462.38 12.4397
78800 2
  1 -1442.5 1543.62 -53.9226
  2 1442.5 6456.38 12.5437
79000 2
  1 -1442.5 1551.87 -54.0804
  2 1442.5 6448.13 12.6658
79200 2
  1 -1442.5 1555.71 -54.2381
  2 1442.5 6444.29 12.7428
79400 2
  1 -1442.5 1560.78 -54.3828
  2 1442.5 6439.22 12.8297
79600 2
  1 -1442.5 1568.17 -54.4944
  2 1442.5 6431.83 12.9333
79800 2
  1 -1442.5 1569.83 -54.5985
  2 1442.5 6430.17 12.9752
80000 2
  1 -1442.5 1574.23 -54.6815
  2 1442.5 6425.77 13.0409
80200 2
  1 -1442.5 1574.64 -54.7375
  2 1442.5 6425.36 13.0581
80400 2
  1 -1442.5 1575.79 -54.787
  2 1442.5 6424.21 13.0814
80600 2
  1 -1442.5 1573.71 -54.835
  2 1442.5 6426.29 13.0704
80800 2
  1 -1442.5 1574.09 -54.8657
  2 1442.5 6425.91 13.081
81000 2
  1 -1442.5 1579.07 -54.8946
  2 1442.5 6420.93 13.1399
81200 2
  1 -1442.5 1582.21 -54.9361
  2 1442.5 6417.79 13.1825
81400 2
  1 -1442.5 1584.18 -55.0329
  2 1442.5 6415.82 13.2265
81600 2
  1 -1442.5 1586.79 -55.1443
  2 1442.5 6413.21 13.2809
81800 2
  1 -1442.5 1591.98 -55.2939
  2 1442.5 6408.02 13.3726
82000 2
  1 -1442.5 1597.55 -55.4724
  2 1442.5 6402.45 13.476
82200 2
  1 -1442.5 1604.76 -55.6694
  2 1442.5 6395.24 13.6022
82400 2
  1 -1442.5 1613.03 -55.8522
  2 1442.5 6386.97 13.7372
82600 2
  1 -1442.5 1619.46 -56.0218
  2 1442.5 6380.54 13.8495
82800 2
  1 -1442.5 1624.98 -56.2529
  2 1442.5 6375.02 13.968
83000 2
  1 -1442.5 1625.1 -56.4955
  2 1442.5 6374.9 14.0303
83200 2
  1 -1442.5 1632.57 -56.727
  2 1442.5 6367.43 14.1715
83400 2
  1 -1442.5 1635.06 -56.963
  2 1442.5 6364.94 14.2589
83600 2
  1 -1442.5 1640.37 -57.2194
  2 1442.5 6359.63 14.3836
83800 2
  1 -1442.5 1644.52 -57.4342
  2 1442.5 6355.48 14.4851
84000 2
  1 -1442.5 1653.07 -57.5955
  2 1442.5 6346.93 14.6231
84200 2
  1 -1442.5 1656.54 -57.7106
  2 1442.5 6343.46 14.6917
84400 2
  1 -1442.5 1662.75 -57.7984
  2 1442.5 6337.25 14.7848
84600 2
  1 -1442.5 1668.81 -57.8812
  2 1442.5 6331.19 14.8752
84800 2
  1 -1442.5 1669.77 -57.949
  2 1442.5 6330.23 14.9032
85000 2
  1 -1442.5 1670.46 -58.0302
  2 1442.5 6329.54 14.9317
85200 2
  1 -1442.5 1676.36 -58.0923
  2 1442.5 6323.64 15.0153
85400 2
  1 -1442.5 1672.15 -58.1439
  2 1442.5 6327.85 14.9794
85600 2
  1 -1442.5 1674.14 -58.1787
  2 1442.5 6325.86 15.0107
85800 2
  1 -1442.5 1671.31 -58.2057
  2 1442.5 6328.69 14.9842
86000 2
  1 -1442.5 1675.26 -58.2596
  2 1442.5 6324.74 15.0433
86200 2
  1 -1442.5 1678.57 -58.3319
  2 1442.5 6321.43 15.1
86400 2
  1 -1442.5 1688.66 -58.439
  2 1442.5 6311.34 15.2451
86600 2
  1 -1442.5 1691.35 -58.5785
  2 1442.5 6308.65 15.313
86800 2
  1 -1442.5 1694.37 -58.7351
  2 1442.5 6305.63 15.3896
87000 2
  1 -1442.5 1697.8 -58.9364
  2 1442.5 6302.2 15.4832
87200 2
  1 -1442.5 1704.85 -59.1312
  2 1442.5 6295.15 15.6184
87400 2
  1 -1442.5 1709.94 -59.323
  2 1442.5 6290.06 15.7302
87600 2
  1 -1442.5 1713.5 -59.5599
  2 1442.5 6286.5 15.8363
87800 2
  1 -1442.5 1724.69 -59.8149
  2 1442.5 6275.31 16.0399
88000 2
  1 -1442.5 1728.47 -60.0467
  2 1442.5 6271.53 16.1486
88200 2
  1 -1442.5 1729.33 -60.2634
  2 1442.5 6270.67 16.2179
88400 2
  1 -1442.5 1735.13 -60.496
  2 1442.5 6264.87 16.3522
88600 2
  1 -1442.5 1744.38 -60.6819
  2 1442.5 6255.62 16.5168
88800 2
  1 -1442.5 1752.52 -60.8483
  2 1442.5 6247.48 16.6632
89000 2
  1 -1442.5 1758.09 -61.0126
  2 1442.5 6241.91 16.7777
89200 2
  1 -1442.5 1757.48 -61.1421
  2 1442.5 6242.52 16.8056
89400 2
  1 -1442.5 1758.91 -61.2305
  2 1442.5 6241.09 16.8475
89600 2
  1 -1442.5 1761.19 -61.3025
  2 1442.5 6238.81 16.8954
89800 2
  1 -1442.5 1765.64 -61.3721
  2 1442.5 6234.36 16.97
90000 2
  1 -1442.5 1770.62 -61.4145
  2 1442.5 6229.38 17.0438
90200 2
  1 -1442.5 1770.01 -61.43
  2 1442.5 6229.99 17.0396
90400 2
  1 -1442.5 1769.6 -61.4505
  2 1442.5 6230.4 17.0393
90600 2
  1 -1442.5 1767.72 -61.4941
  2 1442.5 6232.28 17.0271
90800 2
  1 -1442.5 1771.48 -61.5594
  2 1442.5 6228.52 17.0922
91000 2
  1 -1442.5 1770.42 -61.6816
  2 1442.5 6229.58 17.1126
91200 2
  1 -1442.5 1776.36 -61.8235
  2 1442.5 6223.64 17.2274
91400 2
  1 -1442.5 1789 -61.9595
  2 1442.5 6211 17.4265
91600 2
  1 -1442.5 1794.63 -62.0924
  2 1442.5 6205.37 17.536
91800 2
  1 -1442.5 1795.36 -62.2486
  2 1442.5 6204.64 17.5897
92000 2
  1 -1442.5 1801.58 -62.4156
  2 1442.5 6198.42 17.7174
92200 2
  1 -1442.5 1806.8 -62.6199
  2 1442.5 6193.2 17.8436
92400 2
  1 -1442.5 1813.74 -62.8559
  2 1442.5 6186.26 18.0022
92600 2
  1 -1442.5 1825.9 -63.115
  2 1442.5 6174.1 18.2371
92800 2
  1 -1442.5 1829.68 -63.3713
  2 1442.5 6170.32 18.362
93000 2
  1 -1442.5 1832.53 -63.5996
  2 1442.5 6167.47 18.4667
93200 2
  1 -1442.5 1838.51 -63.8066
  2 1442.5 6161.49 18.6072
93400 2
  1 -1442.5 1843.06 -63.9861
  2 1442.5 6156.94 18.7209
93600 2
  1 -1442.5 1848.73 -64.1452
  2 1442.5 6151.27 18.844
93800 2
  1 -1442.5 1860.13 -64.2941
  2 1442.5 6139.87 19.0423
94000 2
  1 -1442.5 1859.51 -64.4312
  2 1442.5 6140.49 19.0745
94200 2
  1 -1442.5 1863.36 -64.5322
  2 1442.5 6136.64 19.1566
94400 2
  1 -1442.5 1866.95 -64.6198
  2 1442.5 6133.05 19.2313
94600 2
  1 -1442.5 1868.86 -64.6913
  2 1442.5 6131.14 19.2783
94800 2
  1 -1442.5 1870.86 -64.7283
  2 1442.5 6129.14 19.316
95000 2
  1 -1442.5 1873.06 -64.7615
  2 1442.5 6126.94 19.3554
95200 2
  1 -1442.5 1870.96 -64.8062
  2 1442.5 6129.04 19.3393
95400 2
  1 -1442.5 1874.49 -64.8604
  2 1442.5 6125.51 19.4035
95600 2
  1 -1442.5 1876.39 -64.9245
  2 1442.5 6123.61 19.4483
95800 2
  1 -1442.5 1881.61 -65.0136
  2 1442.5 6118.39 19.5468
96000 2
  1 -1442.5 1879.12 -65.1172
  2 1442.5 6120.88 19.5432
96200 2
  1 -1442.5 1886.67 -65.2377
  2 1442.5 6113.33 19.684
96400 2
  1 -1442.5 1888.41 -65.3952
  2 1442.5 6111.59 19.756
96600 2
  1 -1442.5 1893.3 -65.5707
  2 1442.5 6106.7 19.8776
96800 2
  1 -1442.5 1900.97 -65.7789
  2 1442.5 6099.03 20.049
97000 2
  1 -1442.5 1908.19 -65.9985
  2 1442.5 6091.81 20.2186
97200 2
  1 -1442.5 1919.72 -66.2131
  2 1442.5 6080.28 20.4489
97400 2
  1 -1442.5 1923.13 -66.4421
  2 1442.5 6076.87 20.5691
97600 2
  1 -1442.5 1926.13 -66.6684
  2 1442.5 6073.87 20.6829
97800 2
  1 -1442.5 1927.07 -66.8907
  2 1442.5 6072.93 20.766
98000 2
  1 -1442.5 1931.69 -67.1074
  2 1442.5 6068.31 20.9008
98200 2
  1 -1442.5 1937.42 -67.3243
  2 1442.5 6062.58 21.0523
98400 2
  1 -1442.5 1945.75 -67.4781
  2 1442.5 6054.25 21.2224
98600 2
  1 -1442.5 1950.39 -67.5901
  2 1442.5 6049.61 21.3256
98800 2
  1 -1442.5 1955.02 -67.7079
  2 1442.5 6044.98 21.4308
99000 2
  1 -1442.5 1958.02 -67.812
  2 1442.5 6041.98 21.5079
99200 2
  1 -1442.5 1964.78 -67.8888
  2 1442.5 6035.22 21.632
99400 2
  1 -1442.5 1966.33 -67.9932
  2 1442.5 6033.67 21.6881
99600 2
  1 -1442.5 1965.51 -68.0636
  2 1442.5 6034.49 21.6978
99800 2
  1 -1442.5 1967.29 -68.0874
  2 1442.5 6032.71 21.7311
100000 2
  1 -1442.5 1969.38 -68.1014
  2 1442.5 6030.62 21.7659
