       1           1.23957286
       2           0.58516544
       3           0.40567214
       4           0.42635225
       5           0.35166908
       6           0.27335568
       7           0.23982310
       8           0.20424813
       9           0.15349908
      10           0.13895706
      11           0.13063513
      12           0.12396687
      13           0.12025643
      14           0.11748019
      15           0.12771826
      16           0.13601757
      17           0.13016699
      18           0.11454152
      19           0.10300318
      20           0.11253912
      21           0.11598584
      22           0.10535780
      23           0.09691949
      24           0.10597658
      25           0.11973549
      26           0.13642712
      27           0.14540710
      28           0.13426204
      29           0.11874555
      30           0.12733809
      31           0.20330917
      32           0.34591404
      33           0.30927200
      34           0.18298874
      35           0.11167974
      36           0.10559079
      37           0.12416101
      38           0.14872372
      39           0.17966104
      40           0.20713368
      41           0.21521731
      42           0.18820318
      43           0.13044426
      44           0.09267777
      45           0.08501268
      46           0.07887147
      47           0.08075288
      48           0.08310065
      49           0.08388336
      50           0.08364926
      51           0.08458013
      52           0.08166181
      53           0.07757900
      54           0.07771194
      55           0.08288225
      56           0.08478117
      57           0.08688421
      58           0.08661758
      59           0.08905675
      60           0.09474890
      61           0.09346747
      62           0.09679011
      63           0.09525057
      64           0.09737622
      65           0.09332951
      66           0.08432741
      67           0.07458718
      68           0.06594444
      69           0.05682982
      70           0.04813792
      71           0.04051385
      72           0.03600983
      73           0.02983958
      74           0.02551158
      75           0.02230800
      76           0.01941808
      77           0.01765594
      78           0.01625562
      79           0.01490700
      80           0.01411918
      81           0.01326020
      82           0.01231530
      83           0.01170154
      84           0.01172709
      85           0.01121059
      86           0.01063290
      87           0.01019597
      88           0.00992831
      89           0.00987913
      90           0.00970634
      91           0.00974910
      92           0.00950935
      93           0.00936079
      94           0.00927746
      95           0.00926981
      96           0.00919082
      97           0.00941265
      98           0.00941491
      99           0.00939270
     100           0.00965622
     101           0.00980569
     102           0.00995931
     103           0.01005818
     104           0.01020651
     105           0.01039884
     106           0.01059220
     107           0.01102941
     108           0.01121976
     109           0.01138546
     110           0.01162566
     111           0.01189996
     112           0.01235990
     113           0.01279291
     114           0.01311674
     115           0.01507806
     116           0.01504880
     117           0.01544773
     118           0.01591792
     119           0.01768375
     120           0.01798661
     121           0.02056820
     122           0.02091341
     123           0.02162123
     124           0.02288898
     125           0.02368957
     126           0.02440317
     127           0.02530806
     128           0.02596874
     129           0.02646286
     130           0.02808187
     131           0.02978271
     132           0.03158545
     133           0.03371421
     134           0.03630411
     135           0.03849269
     136           0.04119159
     137           0.04413246
     138           0.04774100
     139           0.05041974
     140           0.05365123
     141           0.05635056
     142           0.05939705
     143           0.06087453
     144           0.05940571
     145           0.05525977
     146           0.04985419
     147           0.04435524
     148           0.03688036
     149           0.03309875
     150           0.03072736
     151           0.02877459
     152           0.02698248
     153           0.02556115
     154           0.02471038
     155           0.02492692
     156           0.02451657
     157           0.02367418
     158           0.02287941
     159           0.02215218
     160           0.02150985
     161           0.02092811
     162           0.02067699
     163           0.02255851
     164           0.02261083
     165           0.02279412
     166           0.02307182
     167           0.02384223
     168           0.02449369
     169           0.02522370
     170           0.02692305
     171           0.02767773
     172           0.02877271
     173           0.02981151
     174           0.03136121
     175           0.03285270
     176           0.03673579
     177           0.04068002
     178           0.04476920
     179           0.05063406
     180           0.05603638
     181           0.06248193
     182           0.07013001
     183           0.07974995
     184           0.08934697
     185           0.10087293
     186           0.11474203
     187           0.12681970
     188           0.13395034
     189           0.13449165
     190           0.13036587
     191           0.12330195
     192           0.11088902
     193           0.09492106
     194           0.07813061
     195           0.07499192
     196           0.06972921
     197           0.06141338
     198           0.05277118
     199           0.04449127
     200           0.03749381
     201           0.03184782
     202           0.02796411
     203           0.02475620
     204           0.02247907
     205           0.02133568
     206           0.02036080
     207           0.02053508
     208           0.01990161
     209           0.01899595
     210           0.01829513
     211           0.01768593
     212           0.01726032
     213           0.01693381
     214           0.01678253
     215           0.01657824
     216           0.01648718
     217           0.01637336
     218           0.01680243
     219           0.01770005
     220           0.01808997
     221           0.01873575
     222           0.01950617
     223           0.02018771
     224           0.02076527
     225           0.02137542
     226           0.02215415
     227           0.02279740
     228           0.02400910
     229           0.02440978
     230           0.02619912
     231           0.02665573
     232           0.02787403
     233           0.02849891
     234           0.02888429
     235           0.02929201
     236           0.02963942
     237           0.03151422
     238           0.03199023
     239           0.03252019
     240           0.03288906
     241           0.03311898
     242           0.03333642
     243           0.03349686
     244           0.03335316
     245           0.03339274
     246           0.03336351
     247           0.03295401
     248           0.03254548
     249           0.03242823
     250           0.03166842
     251           0.03072613
     252           0.02979313
     253           0.02960365
     254           0.02850959
     255           0.02763858
     256           0.02618663
     257           0.02476029
     258           0.02347871
     259           0.02212017
     260           0.02082338
     261           0.01956900
     262           0.01825894
     263           0.01716318
     264           0.01609043
     265           0.01505944
     266           0.01402933
     267           0.01305968
     268           0.01216700
     269           0.01132811
     270           0.01053109
     271           0.00967629
     272           0.00902715
     273           0.00846283
     274           0.00811865
     275           0.00762641
     276           0.00724425
     277           0.00687275
     278           0.00649120
     279           0.00601781
     280           0.00591950
     281           0.00578384
     282           0.00541106
     283           0.00568366
     284           0.00523285
     285           0.00480597
     286           0.00443413
     287           0.00414166
     288           0.00441023
     289           0.00400894
     290           0.00373527
     291           0.00365857
     292           0.00340077
     293           0.00345024
     294           0.00337936
     295           0.00328981
     296           0.00315654
     297           0.00300741
     298           0.00287570
     299           0.00272670
     300           0.00253733
     301           0.00239712
     302           0.00234395
     303           0.00228699
     304           0.00221780
     305           0.00214198
     306           0.00206278
     307           0.00198234
     308           0.00191396
     309           0.00179920
     310           0.00176347
     311           0.00173025
     312           0.00163267
     313           0.00155045
     314           0.00171692
     315           0.00178176
     316           0.00167580
     317           0.00183888
     318           0.00182960
     319           0.00178507
     320           0.00172551
     321           0.00166575
     322           0.00160135
     323           0.00153528
     324           0.00146994
     325           0.00140659
     326           0.00134581
     327           0.00202727
     328           0.00163653
     329           0.00143129
     330           0.00129374
     331           0.00122284
     332           0.00119100
     333           0.00115580
     334           0.00111874
     335           0.00109016
     336           0.00106438
     337           0.00103227
     338           0.00100010
     339           0.00096743
     340           0.00093440
     341           0.00089914
     342           0.00086063
     343           0.00082866
     344           0.00080016
     345           0.00077268
     346           0.00074588
     347           0.00071976
     348           0.00069433
     349           0.00066962
     350           0.00064565
     351           0.00062244
     352           0.00059999
     353           0.00057830
     354           0.00055737
     355           0.00053719
     356           0.00051775
     357           0.00049904
     358           0.00048149
     359           0.00046479
     360           0.00044870
     361           0.00043320
     362           0.00041828
     363           0.00075647
     364           0.00063341
     365           0.00054970
     366           0.00049419
     367           0.00045407
     368           0.00042349
     369           0.00039899
     370           0.00037857
     371           0.00036098
     372           0.00034543
     373           0.00033140
     374           0.00031854
     375           0.00030661
     376           0.00029543
     377           0.00028490
     378           0.00027491
     379           0.00026542
     380           0.00025636
     381           0.00024771
     382           0.00023943
     383           0.00023317
     384           0.00022703
     385           0.00022103
     386           0.00021518
     387           0.00020948
     388           0.00020390
     389           0.00019846
     390           0.00020601
     391           0.00019620
     392           0.00018844
     393           0.00018246
     394           0.00017734
     395           0.00017256
     396           0.00016792
     397           0.00016338
     398           0.00015894
     399           0.00015460
     400           0.00015037
     401           0.00014627
     402           0.00014228
     403           0.00013840
     404           0.00013461
     405           0.00013093
     406           0.00012734
     407           0.00012384
     408           0.00012045
     409           0.00011714
     410           0.00011392
     411           0.00011079
     412           0.00010774
     413           0.00010478
     414           0.00030108
     415           0.00028575
     416           0.00026254
     417           0.00024347
     418           0.00123020
     419           0.00066064
     420           0.00046108
     421           0.00036996
     422           0.00031286
     423           0.00027658
     424           0.00025097
     425           0.00023167
     426           0.00021650
     427           0.00020409
     428           0.00019353
     429           0.00018428
     430           0.00017599
     431           0.00016839
     432           0.00016134
     433           0.00015475
     434           0.00014853
     435           0.00014266
     436           0.00013709
     437           0.00013179
     438           0.00012673
     439           0.00012190
     440           0.00011728
     441           0.00011286
     442           0.00010863
     443           0.00010458
     444           0.00010070
     445           0.00009700
     446           0.00009348
     447           0.00009025
     448           0.00008715
     449           0.00008417
     450           0.00008131
     451           0.00007856
     452           0.00007593
     453           0.00007339
     454           0.00007096
     455           0.00006863
     456           0.00006638
     457           0.00006423
     458           0.00006215
     459           0.00006022
     460           0.00005871
     461           0.00005723
     462           0.00005579
     463           0.00005439
     464           0.00005301
     465           0.00005168
     466           0.00005037
     467           0.00004910
     468           0.00004786
     469           0.00004665
     470           0.00004547
     471           0.00004431
     472           0.00004320
     473           0.00004210
     474           0.00004103
     475           0.00003998
     476           0.00003897
     477           0.00003798
     478           0.00003701
     479           0.00003607
     480           0.00003515
     481           0.00003424
     482           0.00003338
     483           0.00003251
     484           0.00003168
     485           0.00003087
     486           0.00003008
     487           0.00002930
     488           0.00002855
     489           0.00002781
     490           0.00002710
     491           0.00002640
     492           0.00002572
     493           0.00002506
     494           0.00002442
     495           0.00002379
     496           0.00002318
     497           0.00002258
     498           0.00002199
     499           0.00002143
     500           0.00002088
     501           0.00002033
     502           0.00001982
     503           0.00001931
     504           0.00001880
     505           0.00001832
     506           0.00001785
     507           0.00001739
     508           0.00001694
     509           0.00001651
     510           0.00001607
     511           0.00001566
     512           0.00001526
     513           0.00001487
     514           0.00001448
     515           0.00001411
     516           0.00001375
     517           0.00001341
     518           0.00001305
     519           0.00001272
     520           0.00001239
     521           0.00001208
     522           0.00001177
     523           0.00001146
     524           0.00001116
     525           0.00001089
     526           0.00001061
     527           0.00001034
     528           0.00001007
     529           0.00000982
