#fix 2 all deform 200 z erate 0.0001 # strain rate = 0.0001/ps = 10^8/sec
fix 2 all deform 200 z erate 0.001 # strain rate = 0.001/ps = 10^9/sec
#dump 2 all cfg 20000 pos.*.cfg id type xs ys zs # Visualize with AtomEye
#dump 2 all cfg 2000 pos.*.cfg id type xs ys zs # Visualize with AtomEye
#dump 2 all xyz 50000 Au_*.xyz # Visualize with MDL
#dump_modify 2 element Au
#run 500000
run 800000
Memory usage per processor = 136.329 Mbytes
Step Atoms ThermoAv ThermoAv Lz Volume Pzz PotEng Xlat Ylat Zlat 
       0     8000            0            0    380.47084 9.7059934e+08  -0.05291875   -1.2216961         4.08    5.7699913    5.7699913 
     200     8000    440.11095   -1.2223034    380.85132 9.7587234e+08  0.092900095   -1.2221773         4.08    5.7699913    5.7699913 
     400     8000    438.63796   -1.2226742    381.23179 9.8141135e+08  -0.32155055    -1.223667         4.08    5.7699913    5.7699913 
     600     8000    433.48245   -1.2224861    381.61226 9.8683041e+08   0.23444768   -1.2224461         4.08    5.7699913    5.7699913 
     800     8000    435.62219   -1.2233278    381.99273 9.9219895e+08  0.074506304   -1.2232501         4.08    5.7699913    5.7699913 
    1000     8000    431.77621   -1.2234921     382.3732 9.9753673e+08   0.36719336   -1.2235042         4.08    5.7699913    5.7699913 
    1200     8000    432.65304   -1.2243218    382.75367 1.0027525e+09   0.13906291   -1.2239103         4.08    5.7699913    5.7699913 
    1400     8000    430.32926   -1.2247822    383.13414 1.0084134e+09   0.27737086   -1.2247689         4.08    5.7699913    5.7699913 
    1600     8000    426.00537   -1.2250628    383.51461 1.0137947e+09  -0.22635387   -1.2261165         4.08    5.7699913    5.7699913 
    1800     8000    423.11492   -1.2254341    383.89508 1.0191154e+09   0.20562472   -1.2246503         4.08    5.7699913    5.7699913 
    2000     8000    422.08175   -1.2261039    384.27555 1.0243756e+09   0.08562757   -1.2271353         4.08    5.7699913    5.7699913 
    2200     8000    416.37846   -1.2261498    384.65602 1.0294467e+09  0.022329945   -1.2255427         4.08    5.7699913    5.7699913 
    2400     8000     414.7236    -1.226781     385.0365 1.0348206e+09  -0.17962516   -1.2283141         4.08    5.7699913    5.7699913 
    2600     8000    411.19604   -1.2271201    385.41697 1.0402166e+09  0.050809106   -1.2283771         4.08    5.7699913    5.7699913 
    2800     8000    409.46545   -1.2277516    385.79744 1.0454862e+09 -0.068693174   -1.2279814         4.08    5.7699913    5.7699913 
    3000     8000    405.84195   -1.2280997    386.17791 1.0505056e+09  -0.10082173   -1.2282093         4.08    5.7699913    5.7699913 
    3200     8000    404.56373   -1.2288009    386.55838 1.0559441e+09  -0.11588711    -1.228791         4.08    5.7699913    5.7699913 
    3400     8000    401.46574   -1.2292766    386.93885 1.061215e+09  -0.19455983   -1.2294289         4.08    5.7699913    5.7699913 
    3600     8000    399.51337   -1.2298049    387.31932 1.0661563e+09  -0.13882795   -1.2284318         4.08    5.7699913    5.7699913 
    3800     8000     396.6463   -1.2301274    387.69979 1.0714476e+09 -0.024652691    -1.231024         4.08    5.7699913    5.7699913 
    4000     8000    394.91609   -1.2307208    388.08026 1.0765949e+09 -0.047322118   -1.2314072         4.08    5.7699913    5.7699913 
    4200     8000      391.938    -1.231198    388.46073 1.0816409e+09 -0.068881072   -1.2321126         4.08    5.7699913    5.7699913 
    4400     8000    387.22848   -1.2313096     388.8412 1.086607e+09  -0.06745458   -1.2310835         4.08    5.7699913    5.7699913 
    4600     8000    383.63154   -1.2316245    389.22167 1.0917539e+09  0.065066546   -1.2314306         4.08    5.7699913    5.7699913 
    4800     8000    380.05518   -1.2319239    389.60215 1.0968205e+09   0.13746482   -1.2312518         4.08    5.7699913    5.7699913 
    5000     8000    378.68024   -1.2325949    389.98262 1.1019462e+09  -0.13629362   -1.2320356         4.08    5.7699913    5.7699913 
    5200     8000    377.30866   -1.2330575    390.36309 1.1067183e+09  -0.15917414   -1.2329476         4.08    5.7699913    5.7699913 
    5400     8000    377.23112   -1.2338609    390.74356 1.1116881e+09  -0.38235815   -1.2357634         4.08    5.7699913    5.7699913 
    5600     8000    372.54171   -1.2339644    391.12403 1.1167746e+09  -0.21497402   -1.2334187         4.08    5.7699913    5.7699913 
    5800     8000    369.30584   -1.2342667     391.5045 1.1216096e+09 -0.058645467   -1.2351448         4.08    5.7699913    5.7699913 
    6000     8000    366.56069   -1.2346951    391.88497 1.1266188e+09  0.045267203    -1.235603         4.08    5.7699913    5.7699913 
    6200     8000    364.55441   -1.2351524    392.26544 1.1316469e+09 -0.052708934   -1.2348251         4.08    5.7699913    5.7699913 
    6400     8000    363.66127   -1.2357274    392.64591 1.1362959e+09  -0.19036083   -1.2361767         4.08    5.7699913    5.7699913 
    6600     8000    360.81509   -1.2361266    393.02638 1.1413439e+09 -0.0047659467   -1.2374555         4.08    5.7699913    5.7699913 
    6800     8000    359.49803   -1.2366823    393.40685 1.1462226e+09  0.035069256   -1.2366563         4.08    5.7699913    5.7699913 
    7000     8000    353.77391    -1.236662    393.78732 1.1519465e+09   0.26890643   -1.2353304         4.08    5.7699913    5.7699913 
    7200     8000    353.17586   -1.2373129     394.1678 1.1584371e+09   0.18314283   -1.2366862         4.08    5.7699913    5.7699913 
    7400     8000    351.52569   -1.2377795    394.54827 1.1645976e+09  -0.15027748   -1.2379073         4.08    5.7699913    5.7699913 
    7600     8000     349.3856   -1.2382028    394.92874 1.1709461e+09   0.10611914   -1.2385549         4.08    5.7699913    5.7699913 
    7800     8000    347.98023   -1.2385699    395.30921 1.1772502e+09   0.11389089    -1.239225         4.08    5.7699913    5.7699913 
    8000     8000    347.39653   -1.2391765    395.68968 1.183485e+09  -0.16104919   -1.2396948         4.08    5.7699913    5.7699913 
    8200     8000    343.17302   -1.2392331    396.07015 1.1899302e+09  0.080545116   -1.2400173         4.08    5.7699913    5.7699913 
    8400     8000    340.91126   -1.2395712    396.45062 1.1961546e+09 -0.040545273   -1.2401004         4.08    5.7699913    5.7699913 
    8600     8000    338.03774   -1.2397941    396.83109 1.2021111e+09  -0.11724512   -1.2400453         4.08    5.7699913    5.7699913 
    8800     8000    336.80271   -1.2401923    397.21156 1.2083786e+09   0.11988477    -1.240537         4.08    5.7699913    5.7699913 
    9000     8000    334.49369   -1.2405129    397.59203 1.2143807e+09  0.093369275   -1.2401643         4.08    5.7699913    5.7699913 
    9200     8000    333.56133   -1.2409613     397.9725 1.2202448e+09  0.065307432    -1.241725         4.08    5.7699913    5.7699913 
    9400     8000    330.63979   -1.2411454    398.35297 1.2265661e+09   -0.1970373   -1.2410066         4.08    5.7699913    5.7699913 
    9600     8000    328.90475    -1.241531    398.73345 1.2330196e+09  -0.14165059   -1.2420435         4.08    5.7699913    5.7699913 
    9800     8000    327.87053   -1.2419184    399.11392 1.2389663e+09  -0.14017601   -1.2419133         4.08    5.7699913    5.7699913 
   10000     8000    326.36256   -1.2422646    399.49439 1.2446809e+09  -0.06968948   -1.2442605         4.08    5.7699913    5.7699913 
   10200     8000    323.86185   -1.2424257    399.87486 1.250946e+09 -0.011047411   -1.2435047         4.08    5.7699913    5.7699913 
   10400     8000    323.11478     -1.24285    400.25533 1.2571005e+09 -0.062918698   -1.2431663         4.08    5.7699913    5.7699913 
   10600     8000    322.67244   -1.2432808     400.6358 1.2628799e+09  0.021400779   -1.2437929         4.08    5.7699913    5.7699913 
   10800     8000    321.65524   -1.2436068    401.01627 1.2696003e+09 -0.015511894   -1.2428025         4.08    5.7699913    5.7699913 
   11000     8000    320.59002   -1.2439244    401.39674 1.2765921e+09   0.10970019   -1.2439612         4.08    5.7699913    5.7699913 
   11200     8000    317.81022   -1.2440261    401.77721 1.2835145e+09 -0.020578229     -1.24389         4.08    5.7699913    5.7699913 
   11400     8000    317.16191   -1.2443313    402.15768 1.2913861e+09  -0.14343384    -1.243188         4.08    5.7699913    5.7699913 
   11600     8000    314.79274   -1.2444411    402.53815 1.2984091e+09  -0.21600188    -1.244066         4.08    5.7699913    5.7699913 
   11800     8000    313.37401   -1.2446439    402.91862 1.3054836e+09 -0.057560507   -1.2444157         4.08    5.7699913    5.7699913 
   12000     8000    312.51898   -1.2449125     403.2991 1.312937e+09    -0.174766   -1.2447507         4.08    5.7699913    5.7699913 
   12200     8000    311.96116   -1.2452222    403.67957 1.320026e+09  0.043933235   -1.2456145         4.08    5.7699913    5.7699913 
   12400     8000     311.4225   -1.2455275    404.06004 1.3273749e+09 -0.038270729   -1.2444517         4.08    5.7699913    5.7699913 
   12600     8000    309.44407   -1.2456222    404.44051 1.3344512e+09  -0.24384261   -1.2462568         4.08    5.7699913    5.7699913 
   12800     8000    307.28239   -1.2457072    404.82098 1.3409326e+09   -0.1202037   -1.2447054         4.08    5.7699913    5.7699913 
   13000     8000    305.40188    -1.245816    405.20145 1.3487951e+09 -0.089106882   -1.2456706         4.08    5.7699913    5.7699913 
   13200     8000    305.55683   -1.2461489    405.58192 1.3552997e+09 -0.068363545   -1.2460024         4.08    5.7699913    5.7699913 
   13400     8000    304.58968   -1.2463128    405.96239 1.3627426e+09  0.041162704   -1.2460485         4.08    5.7699913    5.7699913 
   13600     8000    303.86263   -1.2464664    406.34286 1.3701533e+09  0.076827975    -1.246022         4.08    5.7699913    5.7699913 
   13800     8000    302.45756   -1.2465485    406.72333 1.3768007e+09  -0.10517731    -1.246806         4.08    5.7699913    5.7699913 
   14000     8000     302.5083   -1.2468159     407.1038 1.384297e+09  -0.15242482   -1.2469533         4.08    5.7699913    5.7699913 
   14200     8000    301.91583   -1.2469774    407.48427 1.3912373e+09   0.16196413   -1.2475659         4.08    5.7699913    5.7699913 
   14400     8000    299.78652   -1.2469768    407.86475 1.3981787e+09    0.1192574   -1.2471983         4.08    5.7699913    5.7699913 
   14600     8000    300.37377   -1.2472661    408.24522 1.4057935e+09  0.051770158   -1.2473062         4.08    5.7699913    5.7699913 
   14800     8000    299.09044    -1.247344    408.62569 1.4125933e+09 -0.099021967   -1.2476369         4.08    5.7699913    5.7699913 
   15000     8000    298.27497   -1.2474704    409.00616 1.4201259e+09 -0.057049676   -1.2482357         4.08    5.7699913    5.7699913 
   15200     8000    298.59998   -1.2476995    409.38663 1.4269918e+09   0.02601392   -1.2474835         4.08    5.7699913    5.7699913 
   15400     8000    298.84787   -1.2479371     409.7671 1.4346209e+09 -0.026815571   -1.2476234         4.08    5.7699913    5.7699913 
   15600     8000     296.9699   -1.2478108    410.14757 1.4414099e+09   0.15383989   -1.2474879         4.08    5.7699913    5.7699913 
   15800     8000    296.82693   -1.2477926    410.52804 1.4489347e+09 -0.050828039   -1.2478974         4.08    5.7699913    5.7699913 
   16000     8000    295.77696   -1.2478128    410.90851 1.4561754e+09  0.078484772   -1.2488961         4.08    5.7699913    5.7699913 
   16200     8000    295.08761   -1.2477918    411.28898 1.4631036e+09   0.15512897   -1.2485439         4.08    5.7699913    5.7699913 
   16400     8000    294.56851   -1.2479191    411.66945 1.4701288e+09 -0.0052754356   -1.2476927         4.08    5.7699913    5.7699913 
   16600     8000     294.4787   -1.2478902    412.04993 1.4777794e+09 -0.076668687     -1.24753         4.08    5.7699913    5.7699913 
   16800     8000    295.42285   -1.2480877     412.4304 1.4841245e+09  0.013026253   -1.2475878         4.08    5.7699913    5.7699913 
   17000     8000    295.29057   -1.2481836    412.81087 1.4921821e+09  0.017762246    -1.247785         4.08    5.7699913    5.7699913 
   17200     8000    294.06473   -1.2481068    413.19134 1.4992274e+09 0.0010478872   -1.2476342         4.08    5.7699913    5.7699913 
   17400     8000     293.9129   -1.2481171    413.57181 1.5060515e+09  0.050514987   -1.2481026         4.08    5.7699913    5.7699913 
   17600     8000    293.00745   -1.2479646    413.95228 1.5134504e+09 -0.011267637    -1.247289         4.08    5.7699913    5.7699913 
   17800     8000    292.19209   -1.2478101    414.33275 1.5208671e+09 0.00072502132    -1.248191         4.08    5.7699913    5.7699913 
   18000     8000     294.1641   -1.2480137    414.71322 1.5283032e+09   0.10856106   -1.2480561         4.08    5.7699913    5.7699913 
   18200     8000    294.66782   -1.2481595    415.09369 1.5353738e+09 -0.018179802   -1.2485159         4.08    5.7699913    5.7699913 
   18400     8000    292.85059   -1.2478457    415.47416 1.5433576e+09   0.10634724   -1.2478765         4.08    5.7699913    5.7699913 
   18600     8000    293.56316   -1.2478983    415.85463 1.5504711e+09 -0.011558807   -1.2477488         4.08    5.7699913    5.7699913 
   18800     8000    294.43379   -1.2479743     416.2351 1.5575765e+09  0.056902328    -1.247783         4.08    5.7699913    5.7699913 
   19000     8000    294.25464    -1.247852    416.61558 1.565336e+09  0.043170415   -1.2476496         4.08    5.7699913    5.7699913 
   19200     8000    294.68925   -1.2477794    416.99605 1.5721282e+09   -0.1403209    -1.247816         4.08    5.7699913    5.7699913 
   19400     8000    295.41177   -1.2477134    417.37652 1.5803958e+09 0.0096857997   -1.2480166         4.08    5.7699913    5.7699913 
   19600     8000    295.31884   -1.2474709    417.75699 1.5872384e+09  -0.11070934    -1.247106         4.08    5.7699913    5.7699913 
   19800     8000    297.09114   -1.2475823    418.13746 1.5952031e+09   0.23220966   -1.2468286         4.08    5.7699913    5.7699913 
   20000     8000     297.3529   -1.2475694    418.51793 1.6029558e+09 -0.010685503   -1.2472878         4.08    5.7699913    5.7699913 
   20200     8000    295.33176   -1.2471082     418.8984 1.6105557e+09 -0.056368482   -1.2464372         4.08    5.7699913    5.7699913 
   20400     8000    296.81815   -1.2470662    419.27887 1.6178161e+09   0.05313149   -1.2466478         4.08    5.7699913    5.7699913 
   20600     8000     297.3022   -1.2468847    419.65934 1.6255085e+09  -0.17275314   -1.2469785         4.08    5.7699913    5.7699913 
   20800     8000    297.50891   -1.2466377    420.03981 1.6331404e+09 -0.074177647   -1.2466008         4.08    5.7699913    5.7699913 
   21000     8000    297.76038    -1.246555    420.42028 1.6408987e+09 -0.032544863   -1.2464016         4.08    5.7699913    5.7699913 
   21200     8000    299.24099   -1.2465748    420.80075 1.6486596e+09 -0.027309165   -1.2464248         4.08    5.7699913    5.7699913 
   21400     8000    299.08051   -1.2463417    421.18123 1.6562967e+09 -0.068566371   -1.2466929         4.08    5.7699913    5.7699913 
   21600     8000     300.4353   -1.2462406     421.5617 1.6642203e+09   0.12317995   -1.2460971         4.08    5.7699913    5.7699913 
   21800     8000    298.90671   -1.2458716    421.94217 1.6720516e+09  -0.01830739   -1.2466568         4.08    5.7699913    5.7699913 
   22000     8000    302.50489   -1.2461722    422.32264 1.6805251e+09 -0.049804634   -1.2471797         4.08    5.7699913    5.7699913 
   22200     8000    303.63095    -1.246187    422.70311 1.688041e+09  -0.10842557   -1.2461632         4.08    5.7699913    5.7699913 
   22400     8000    303.10925    -1.245941    423.08358 1.6957805e+09  0.032646561   -1.2457433         4.08    5.7699913    5.7699913 
   22600     8000    303.37407   -1.2458871    423.46405 1.7043936e+09  0.074681427   -1.2461301         4.08    5.7699913    5.7699913 
   22800     8000    303.97874   -1.2458225    423.84452 1.7119696e+09   0.15465468   -1.2450746         4.08    5.7699913    5.7699913 
   23000     8000    303.14454   -1.2454617    424.22499 1.7201287e+09  -0.15192121   -1.2455793         4.08    5.7699913    5.7699913 
   23200     8000    303.83104   -1.2454511    424.60546 1.7285155e+09 -0.099922564   -1.2457139         4.08    5.7699913    5.7699913 
   23400     8000    305.83115   -1.2455875    424.98593 1.7364073e+09 -0.092888447   -1.2456402         4.08    5.7699913    5.7699913 
   23600     8000    305.36285   -1.2454545     425.3664 1.7445902e+09  0.019786025   -1.2455004         4.08    5.7699913    5.7699913 
   23800     8000    306.49092   -1.2454718    425.74688 1.752933e+09  -0.27831934   -1.2446645         4.08    5.7699913    5.7699913 
   24000     8000    307.23689   -1.2454654    426.12735 1.7609704e+09   0.17706512   -1.2454785         4.08    5.7699913    5.7699913 
   24200     8000    306.66496   -1.2454164    426.50782 1.7689314e+09 -0.025924672   -1.2450056         4.08    5.7699913    5.7699913 
   24400     8000    307.81723   -1.2455815    426.88829 1.7778489e+09  0.012079036   -1.2460046         4.08    5.7699913    5.7699913 
   24600     8000    305.65879   -1.2451918    427.26876 1.7859542e+09 -0.091284487   -1.2451503         4.08    5.7699913    5.7699913 
   24800     8000     307.3251   -1.2454234    427.64923 1.7942463e+09  0.079941673   -1.2445938         4.08    5.7699913    5.7699913 
   25000     8000    305.55552    -1.245219     428.0297 1.802389e+09   0.21835973   -1.2459759         4.08    5.7699913    5.7699913 
   25200     8000    305.71537   -1.2453392    428.41017 1.8105483e+09 -0.001094628   -1.2447224         4.08    5.7699913    5.7699913 
   25400     8000    306.22521   -1.2454447    428.79064 1.8192954e+09  -0.03211989   -1.2455585         4.08    5.7699913    5.7699913 
   25600     8000    305.73237   -1.2453448    429.17111 1.8273836e+09 -0.019646709   -1.2448474         4.08    5.7699913    5.7699913 
   25800     8000     306.1243   -1.2455249    429.55158 1.8353829e+09 -0.089213199    -1.245518         4.08    5.7699913    5.7699913 
   26000     8000     305.1796   -1.2455103    429.93205 1.8441029e+09 -0.050716066   -1.2452896         4.08    5.7699913    5.7699913 
   26200     8000     306.1153   -1.2457322    430.31253 1.8526987e+09  0.071963922   -1.2462589         4.08    5.7699913    5.7699913 
   26400     8000    304.88557   -1.2455993      430.693 1.8613043e+09  0.053425179   -1.2453278         4.08    5.7699913    5.7699913 
   26600     8000    304.41403   -1.2457295    431.07347 1.8695802e+09   0.01330934   -1.2465493         4.08    5.7699913    5.7699913 
   26800     8000    301.82688   -1.2455164    431.45394 1.8778639e+09  0.017583646   -1.2461825         4.08    5.7699913    5.7699913 
   27000     8000    303.24919   -1.2459251    431.83441 1.8861549e+09  0.019937744   -1.2467474         4.08    5.7699913    5.7699913 
   27200     8000    301.49308    -1.245696    432.21488 1.8945206e+09  0.078110774   -1.2462358         4.08    5.7699913    5.7699913 
   27400     8000    302.81155   -1.2458443    432.59535 1.9030623e+09   -0.1049716    -1.246165         4.08    5.7699913    5.7699913 
   27600     8000    302.72245   -1.2457847    432.97582 1.9114753e+09   0.10460872   -1.2460903         4.08    5.7699913    5.7699913 
   27800     8000    303.83954   -1.2456292    433.35629 1.9200978e+09 -0.013497791   -1.2452998         4.08    5.7699913    5.7699913 
   28000     8000    303.42472   -1.2453648    433.73676 1.9285909e+09 -0.035149207   -1.2457006         4.08    5.7699913    5.7699913 
   28200     8000    302.41507   -1.2450619    434.11723 1.9368865e+09  -0.19027807   -1.2446367         4.08    5.7699913    5.7699913 
   28400     8000    302.88704   -1.2449501     434.4977 1.9453905e+09   -0.1489296   -1.2451961         4.08    5.7699913    5.7699913 
   28600     8000    301.72674    -1.245026    434.87818 1.9542041e+09  -0.01169669   -1.2456288         4.08    5.7699913    5.7699913 
   28800     8000    300.14933   -1.2449624    435.25865 1.962549e+09  -0.10027918   -1.2448026         4.08    5.7699913    5.7699913 
   29000     8000    300.26522   -1.2448401    435.63912 1.9706962e+09  -0.11572875   -1.2435331         4.08    5.7699913    5.7699913 
   29200     8000    299.66714   -1.2447171    436.01959 1.9792212e+09  0.051499119   -1.2445169         4.08    5.7699913    5.7699913 
   29400     8000    297.99392   -1.2445224    436.40006 1.9879212e+09  0.037503534    -1.243836         4.08    5.7699913    5.7699913 
   29600     8000    300.07418   -1.2449306    436.78053 1.996594e+09   -0.0111864    -1.244795         4.08    5.7699913    5.7699913 
   29800     8000    301.10218   -1.2450572      437.161 2.0049353e+09 0.0054440167   -1.2452573         4.08    5.7699913    5.7699913 
   30000     8000    296.43038   -1.2444938    437.54147 2.0135885e+09  0.022443362   -1.2446383         4.08    5.7699913    5.7699913 
   30200     8000    297.76924   -1.2448972    437.92194 2.0218771e+09 -0.031462593   -1.2441473         4.08    5.7699913    5.7699913 
   30400     8000    297.37906   -1.2449957    438.30241 2.0304791e+09  -0.01591995    -1.244643         4.08    5.7699913    5.7699913 
   30600     8000    296.84172   -1.2450602    438.68288 2.0388872e+09  0.022232724    -1.244582         4.08    5.7699913    5.7699913 
   30800     8000    295.84286   -1.2448854    439.06336 2.0474748e+09  0.018485076   -1.2443875         4.08    5.7699913    5.7699913 
   31000     8000    296.51951   -1.2449594    439.44383 2.0560057e+09  0.041574766   -1.2451092         4.08    5.7699913    5.7699913 
   31200     8000    296.93753   -1.2449138     439.8243 2.0645485e+09 -0.069291675   -1.2454565         4.08    5.7699913    5.7699913 
   31400     8000    294.08396   -1.2444914    440.20477 2.0733421e+09  0.098941465   -1.2430635         4.08    5.7699913    5.7699913 
   31600     8000    294.10158   -1.2445607    440.58524 2.0817756e+09 -0.085775248   -1.2449284         4.08    5.7699913    5.7699913 
   31800     8000    294.81748   -1.2446435    440.96571 2.0908041e+09 -0.027924754    -1.244223         4.08    5.7699913    5.7699913 
   32000     8000    292.35594   -1.2444128    441.34618 2.0993039e+09  0.061464045   -1.2442284         4.08    5.7699913    5.7699913 
   32200     8000    293.61596   -1.2444871    441.72665 2.1076845e+09   0.15476892    -1.244337         4.08    5.7699913    5.7699913 
   32400     8000    291.92656   -1.2442378    442.10712 2.1166672e+09 -0.047820994   -1.2435183         4.08    5.7699913    5.7699913 
   32600     8000    292.15691   -1.2441776    442.48759 2.1253978e+09  0.043793553   -1.2437812         4.08    5.7699913    5.7699913 
   32800     8000    292.86612   -1.2442302    442.86806 2.1336345e+09   0.11248935   -1.2445535         4.08    5.7699913    5.7699913 
   33000     8000    292.87209   -1.2442218    443.24853 2.1429312e+09 -0.017978666   -1.2446456         4.08    5.7699913    5.7699913 
   33200     8000    292.52887    -1.244035    443.62901 2.1514947e+09     0.126815   -1.2451497         4.08    5.7699913    5.7699913 
   33400     8000    292.98291   -1.2439969    444.00948 2.1603292e+09 -0.022405972   -1.2440014         4.08    5.7699913    5.7699913 
   33600     8000    293.74733   -1.2440023    444.38995 2.1691942e+09 -0.058943464   -1.2439387         4.08    5.7699913    5.7699913 
   33800     8000    292.89584   -1.2437562    444.77042 2.1776707e+09 -0.027418882   -1.2440733         4.08    5.7699913    5.7699913 
   34000     8000    292.84702   -1.2436219    445.15089 2.186671e+09  0.019647839   -1.2435378         4.08    5.7699913    5.7699913 
   34200     8000    293.88642   -1.2435538    445.53136 2.1956018e+09 0.0016771679   -1.2436781         4.08    5.7699913    5.7699913 
   34400     8000    294.24884   -1.2434362    445.91183 2.2049605e+09  0.033717778    -1.243593         4.08    5.7699913    5.7699913 
   34600     8000    294.64069   -1.2432751     446.2923 2.2139687e+09 -0.087039778   -1.2432956         4.08    5.7699913    5.7699913 
   34800     8000    296.37446   -1.2432917    446.67277 2.2229808e+09 -0.046557145   -1.2439244         4.08    5.7699913    5.7699913 
   35000     8000    296.95607   -1.2431825    447.05324 2.231961e+09  0.074675925   -1.2431512         4.08    5.7699913    5.7699913 
   35200     8000    297.43908   -1.2429978    447.43371 2.2407279e+09  0.095625733   -1.2429449         4.08    5.7699913    5.7699913 
   35400     8000    298.16585   -1.2428914    447.81418 2.250006e+09  -0.15450048   -1.2434305         4.08    5.7699913    5.7699913 
   35600     8000     299.1241   -1.2427514    448.19466 2.2592175e+09   0.19852049     -1.24212         4.08    5.7699913    5.7699913 
   35800     8000    300.75643   -1.2427251    448.57513 2.2688385e+09  0.018836306   -1.2433139         4.08    5.7699913    5.7699913 
   36000     8000    301.18683   -1.2425515     448.9556 2.2780986e+09  0.013013013    -1.242079         4.08    5.7699913    5.7699913 
   36200     8000      302.586    -1.242435    449.33607 2.2871029e+09   0.06299298   -1.2423467         4.08    5.7699913    5.7699913 
   36400     8000     303.4029    -1.242288    449.71654 2.2969274e+09 0.0068400532   -1.2422093         4.08    5.7699913    5.7699913 
   36600     8000     303.5672   -1.2420421    450.09701 2.3058223e+09 -0.046812197   -1.2424024         4.08    5.7699913    5.7699913 
   36800     8000    304.29719   -1.2418601    450.47748 2.3155413e+09 -0.094275375   -1.2409675         4.08    5.7699913    5.7699913 
   37000     8000    304.26488   -1.2416547    450.85795 2.3249985e+09 -0.074618819   -1.2419542         4.08    5.7699913    5.7699913 
   37200     8000    306.14975   -1.2415967    451.23842 2.3346441e+09   0.02559069   -1.2416242         4.08    5.7699913    5.7699913 
   37400     8000    306.30082   -1.2414561    451.61889 2.344288e+09 -0.023515548   -1.2410881         4.08    5.7699913    5.7699913 
   37600     8000    308.23001   -1.2414953    451.99936 2.3537755e+09 -0.072132918   -1.2414785         4.08    5.7699913    5.7699913 
   37800     8000    309.38279   -1.2414674    452.37983 2.3632176e+09  0.056849953   -1.2407991         4.08    5.7699913    5.7699913 
   38000     8000    307.76513   -1.2411604    452.76031 2.3730343e+09 -3.2066339e-05   -1.2411373         4.08    5.7699913    5.7699913 
   38200     8000    307.71507   -1.2410821    453.14078 2.3828028e+09  0.035164246   -1.2410053         4.08    5.7699913    5.7699913 
   38400     8000    308.22699   -1.2410252    453.52125 2.3922889e+09 -0.010445109   -1.2405978         4.08    5.7699913    5.7699913 
   38600     8000    306.75514   -1.2407698    453.90172 2.4021848e+09 -0.024086353   -1.2413058         4.08    5.7699913    5.7699913 
   38800     8000    306.68796   -1.2407304    454.28219 2.4118318e+09 -0.050076321    -1.241479         4.08    5.7699913    5.7699913 
   39000     8000    309.00063   -1.2409936    454.66266 2.4216538e+09  0.068613934   -1.2408476         4.08    5.7699913    5.7699913 
   39200     8000    308.51071   -1.2409899    455.04313 2.4316883e+09 -0.022713008   -1.2409008         4.08    5.7699913    5.7699913 
   39400     8000    307.85448   -1.2409257     455.4236 2.4423915e+09  0.061343312   -1.2421128         4.08    5.7699913    5.7699913 
   39600     8000    306.98478   -1.2408163    455.80407 2.452611e+09 -0.066144806    -1.241125         4.08    5.7699913    5.7699913 
   39800     8000    306.05071   -1.2408359    456.18454 2.4636282e+09  0.091986218   -1.2411909         4.08    5.7699913    5.7699913 
   40000     8000    306.47047   -1.2410628    456.56501 2.474136e+09  0.010722182   -1.2412031         4.08    5.7699913    5.7699913 
   40200     8000    306.09425   -1.2410632    456.94548 2.4851347e+09 -0.036193743   -1.2408064         4.08    5.7699913    5.7699913 
   40400     8000    306.05967   -1.2412053    457.32596 2.4961438e+09  0.088846876   -1.2412156         4.08    5.7699913    5.7699913 
   40600     8000    305.17339   -1.2411783    457.70643 2.5065951e+09 -0.065669566    -1.242061         4.08    5.7699913    5.7699913 
   40800     8000    303.61394    -1.241149     458.0869 2.517752e+09   0.10599412   -1.2411206         4.08    5.7699913    5.7699913 
   41000     8000    303.39178   -1.2411902    458.46737 2.5282184e+09  0.030231328   -1.2409663         4.08    5.7699913    5.7699913 
   41200     8000    301.16797   -1.2410693    458.84784 2.5393894e+09  0.044789142   -1.2408989         4.08    5.7699913    5.7699913 
   41400     8000    301.20249   -1.2412307    459.22831 2.549913e+09  0.088573469    -1.241769         4.08    5.7699913    5.7699913 
   41600     8000    301.64579   -1.2415735    459.60878 2.5610975e+09 -0.051978958   -1.2424266         4.08    5.7699913    5.7699913 
   41800     8000    299.97376   -1.2415107    459.98925 2.5715478e+09  0.060998093   -1.2419353         4.08    5.7699913    5.7699913 
   42000     8000    303.59506   -1.2422597    460.36972 2.5826595e+09 -0.066630627   -1.2430736         4.08    5.7699913    5.7699913 
   42200     8000    306.16237   -1.2428296    460.75019 2.5937781e+09 -0.023484497   -1.2421537         4.08    5.7699913    5.7699913 
   42400     8000    305.26598   -1.2428784    461.13066 2.6042051e+09 -0.023680189   -1.2432297         4.08    5.7699913    5.7699913 
   42600     8000    304.97271   -1.2429997    461.51113 2.6154216e+09   0.10855419   -1.2430972         4.08    5.7699913    5.7699913 
   42800     8000    304.21994   -1.2430133    461.89161 2.6259889e+09  0.054099299   -1.2436553         4.08    5.7699913    5.7699913 
   43000     8000    304.60409   -1.2432248    462.27208 2.6370391e+09 -0.0085885417   -1.2433923         4.08    5.7699913    5.7699913 
   43200     8000    303.03703   -1.2432275    462.65255 2.6478749e+09  0.099780881   -1.2434301         4.08    5.7699913    5.7699913 
   43400     8000    302.19685   -1.2434471    463.03302 2.6588878e+09  0.087706244   -1.2441527         4.08    5.7699913    5.7699913 
   43600     8000    302.51514   -1.2437089    463.41349 2.669382e+09  0.029836792   -1.2428452         4.08    5.7699913    5.7699913 
   43800     8000    303.87062   -1.2440732    463.79396 2.6806184e+09  0.080705887   -1.2428025         4.08    5.7699913    5.7699913 
   44000     8000    302.71776   -1.2441458    464.17443 2.6912928e+09  0.057906451   -1.2457099         4.08    5.7699913    5.7699913 
   44200     8000     299.7881   -1.2439671     464.5549 2.7022311e+09  0.029322499   -1.2436857         4.08    5.7699913    5.7699913 
   44400     8000    302.31698   -1.2445063    464.93537 2.7128258e+09 -0.021892304   -1.2444043         4.08    5.7699913    5.7699913 
   44600     8000    300.72015   -1.2444209    465.31584 2.7240756e+09 -0.018824977   -1.2439216         4.08    5.7699913    5.7699913 
   44800     8000    299.35493   -1.2442963    465.69631 2.7351126e+09 -0.010603249   -1.2442466         4.08    5.7699913    5.7699913 
   45000     8000    301.12308   -1.2446444    466.07679 2.7458944e+09 -0.073487738   -1.2436694         4.08    5.7699913    5.7699913 
   45200     8000    300.07747   -1.2445471    466.45726 2.7568983e+09 0.0084106312   -1.2449398         4.08    5.7699913    5.7699913 
   45400     8000    299.55166   -1.2446466    466.83773 2.7677345e+09  0.029088975   -1.2447577         4.08    5.7699913    5.7699913 
   45600     8000    299.72474   -1.2447889     467.2182 2.7786205e+09  0.089413694    -1.244692         4.08    5.7699913    5.7699913 
   45800     8000    298.51864   -1.2447333    467.59867 2.7895137e+09  0.072118301   -1.2433773         4.08    5.7699913    5.7699913 
   46000     8000    297.59097   -1.2447363    467.97914 2.8002414e+09  0.039262239   -1.2447551         4.08    5.7699913    5.7699913 
   46200     8000    295.98375   -1.2446157    468.35961 2.811455e+09 -0.036054561   -1.2449536         4.08    5.7699913    5.7699913 
   46400     8000    298.14332    -1.244911    468.74008 2.8223752e+09   0.14897581    -1.244119         4.08    5.7699913    5.7699913 
   46600     8000    298.69224   -1.2450519    469.12055 2.8336539e+09 -0.023908631   -1.2450487         4.08    5.7699913    5.7699913 
   46800     8000    296.07962   -1.2447815    469.50102 2.8443804e+09 -0.00069982739   -1.2445877         4.08    5.7699913    5.7699913 
   47000     8000    294.98506   -1.2447441    469.88149 2.8553805e+09  0.019965472   -1.2448341         4.08    5.7699913    5.7699913 
   47200     8000    295.82659   -1.2448767    470.26196 2.866134e+09 -0.012515133   -1.2465226         4.08    5.7699913    5.7699913 
   47400     8000    296.68986   -1.2450548    470.64244 2.8772078e+09 -0.012941455   -1.2447477         4.08    5.7699913    5.7699913 
   47600     8000    295.43771   -1.2448513    471.02291 2.8883422e+09   0.04751147   -1.2451551         4.08    5.7699913    5.7699913 
   47800     8000    296.29511   -1.2448974    471.40338 2.8995824e+09  0.003858928   -1.2442595         4.08    5.7699913    5.7699913 
   48000     8000    296.70036   -1.2449013    471.78385 2.9105804e+09  0.061570749   -1.2443223         4.08    5.7699913    5.7699913 
   48200     8000    295.62037   -1.2447619    472.16432 2.9214675e+09  0.040916063   -1.2450261         4.08    5.7699913    5.7699913 
   48400     8000    297.18298   -1.2448864    472.54479 2.9328587e+09 -0.046299831   -1.2456113         4.08    5.7699913    5.7699913 
   48600     8000    298.14255   -1.2449917    472.92526 2.9437025e+09  0.017215391   -1.2444688         4.08    5.7699913    5.7699913 
   48800     8000    296.44654    -1.244693    473.30573  2.95523e+09 -0.028500675   -1.2449222         4.08    5.7699913    5.7699913 
   49000     8000    294.47343   -1.2443233     473.6862 2.9665632e+09 -0.093427092   -1.2448417         4.08    5.7699913    5.7699913 
   49200     8000    293.20418   -1.2440264    474.06667 2.9778793e+09 -0.043429553   -1.2438638         4.08    5.7699913    5.7699913 
   49400     8000    297.35586   -1.2444999    474.44714 2.9886917e+09 -0.067344084   -1.2447663         4.08    5.7699913    5.7699913 
   49600     8000    296.74015   -1.2443125    474.82761 3.0000655e+09   0.10188426   -1.2443902         4.08    5.7699913    5.7699913 
   49800     8000    296.56469    -1.244227    475.20809 3.0113816e+09 -0.010969762   -1.2440857         4.08    5.7699913    5.7699913 
   50000     8000     296.4663   -1.2441001    475.58856 3.0230875e+09  0.041046139   -1.2435914         4.08    5.7699913    5.7699913 
   50200     8000    297.59542   -1.2440916    475.96903 3.0343799e+09 -0.038982986   -1.2442569         4.08    5.7699913    5.7699913 
   50400     8000    297.27646    -1.243763     476.3495 3.0455706e+09   0.10003475   -1.2443692         4.08    5.7699913    5.7699913 
   50600     8000    298.60494   -1.2437671    476.72997 3.0568849e+09  0.030540485   -1.2434877         4.08    5.7699913    5.7699913 
   50800     8000    298.56689   -1.2436773    477.11044 3.0685956e+09 -0.0046221386   -1.2437521         4.08    5.7699913    5.7699913 
   51000     8000    297.95829   -1.2434267    477.49091 3.0800707e+09  -0.11216967    -1.243456         4.08    5.7699913    5.7699913 
   51200     8000    301.06667   -1.2436593    477.87138 3.0913538e+09 -0.0096013306   -1.2436483         4.08    5.7699913    5.7699913 
   51400     8000    299.33053   -1.2433131    478.25185 3.1035397e+09 0.0056881613   -1.2441119         4.08    5.7699913    5.7699913 
   51600     8000    301.33982   -1.2434632    478.63232 3.1149859e+09  -0.02268105   -1.2433668         4.08    5.7699913    5.7699913 
   51800     8000    302.46007   -1.2435347    479.01279 3.126835e+09  0.011014694    -1.243249         4.08    5.7699913    5.7699913 
   52000     8000    301.34916   -1.2431513    479.39326 3.1380746e+09 0.00032258487   -1.2431422         4.08    5.7699913    5.7699913 
   52200     8000    301.31051   -1.2429806    479.77374 3.1502717e+09 -0.018547364   -1.2425693         4.08    5.7699913    5.7699913 
   52400     8000     300.6345   -1.2427958    480.15421 3.1614386e+09 -0.065963769   -1.2425238         4.08    5.7699913    5.7699913 
   52600     8000    303.54107   -1.2430062    480.53468 3.1733342e+09 -0.0025485794   -1.2431628         4.08    5.7699913    5.7699913 
   52800     8000    301.48246   -1.2427492    480.91515 3.1852638e+09 -0.062605064       -1.243         4.08    5.7699913    5.7699913 
   53000     8000    301.98489   -1.2427049    481.29562 3.1971331e+09  0.024579638     -1.24216         4.08    5.7699913    5.7699913 
   53200     8000     300.9711     -1.24248    481.67609 3.2088003e+09 0.0042345859   -1.2421336         4.08    5.7699913    5.7699913 
   53400     8000    302.25607   -1.2425014    482.05656 3.2209685e+09  0.044822926   -1.2421058         4.08    5.7699913    5.7699913 
   53600     8000    304.22496   -1.2426666    482.43703 3.2332635e+09 -0.0098376303   -1.2422026         4.08    5.7699913    5.7699913 
   53800     8000    304.49079   -1.2426292     482.8175 3.2451177e+09 -0.063360223   -1.2435401         4.08    5.7699913    5.7699913 
   54000     8000    304.53557   -1.2426725    483.19797 3.2570475e+09 0.0032408413   -1.2427105         4.08    5.7699913    5.7699913 
   54200     8000    302.53222   -1.2423564    483.57844 3.2698297e+09 -0.015168525   -1.2433617         4.08    5.7699913    5.7699913 
   54400     8000    303.61737   -1.2423717    483.95891 3.2830654e+09  0.041205544   -1.2426074         4.08    5.7699913    5.7699913 
   54600     8000    304.62908   -1.2424117    484.33939 3.2964942e+09  0.013078789   -1.2418159         4.08    5.7699913    5.7699913 
   54800     8000     301.9837   -1.2419908    484.71986 3.310061e+09 0.0056364233   -1.2414442         4.08    5.7699913    5.7699913 
   55000     8000    304.93243   -1.2423802    485.10033 3.3239834e+09 -0.031738736   -1.2419217         4.08    5.7699913    5.7699913 
   55200     8000    304.92946   -1.2423521     485.4808 3.3372248e+09 -0.0067506889   -1.2436897         4.08    5.7699913    5.7699913 
   55400     8000    304.80813   -1.2422581    485.86127 3.3508183e+09 1.418767e-05   -1.2422378         4.08    5.7699913    5.7699913 
   55600     8000    304.63978    -1.242159    486.24174 3.3641615e+09 0.0079381796   -1.2424379         4.08    5.7699913    5.7699913 
   55800     8000    304.52742   -1.2421687    486.62221 3.3779633e+09 -0.086154643   -1.2419715         4.08    5.7699913    5.7699913 
   56000     8000    305.37574   -1.2421955    487.00268 3.3916755e+09  -0.07706821   -1.2436439         4.08    5.7699913    5.7699913 
   56200     8000    307.63568   -1.2426265    487.38315 3.4050213e+09  0.052549912   -1.2424802         4.08    5.7699913    5.7699913 
   56400     8000    304.90735   -1.2423654    487.76362 3.418327e+09  0.010829085   -1.2427826         4.08    5.7699913    5.7699913 
   56600     8000    305.13168   -1.2424808    488.14409 3.4323042e+09 -0.092479976   -1.2423273         4.08    5.7699913    5.7699913 
   56800     8000    304.16898    -1.242462    488.52456 3.445909e+09  0.070947031   -1.2417944         4.08    5.7699913    5.7699913 
   57000     8000    302.98859   -1.2422681    488.90504 3.4593046e+09  0.011408865    -1.242422         4.08    5.7699913    5.7699913 
   57200     8000    303.34876   -1.2421666    489.28551 3.4736435e+09 -0.0047416821   -1.2425022         4.08    5.7699913    5.7699913 
   57400     8000    302.77021   -1.2421754    489.66598 3.4868929e+09 -0.011104946   -1.2421072         4.08    5.7699913    5.7699913 
   57600     8000    303.04916   -1.2424203    490.04645 3.5003154e+09 -0.019350761   -1.2434374         4.08    5.7699913    5.7699913 
   57800     8000    300.47168   -1.2422776    490.42692 3.5147889e+09 -0.087323452    -1.241198         4.08    5.7699913    5.7699913 
   58000     8000    302.04653   -1.2426209    490.80739 3.5282269e+09 -0.046051298   -1.2420923         4.08    5.7699913    5.7699913 
   58200     8000    300.60571   -1.2425085    491.18786 3.5417829e+09  0.053344758   -1.2422119         4.08    5.7699913    5.7699913 
   58400     8000    299.19917   -1.2422408    491.56833 3.5557316e+09  0.067734727   -1.2418664         4.08    5.7699913    5.7699913 
   58600     8000    301.49431   -1.2427835     491.9488 3.5690304e+09  0.033772616    -1.242114         4.08    5.7699913    5.7699913 
   58800     8000    298.80765   -1.2423009    492.32927 3.5830523e+09  0.010946245   -1.2409922         4.08    5.7699913    5.7699913 
   59000     8000     298.5164   -1.2424132    492.70974 3.5967546e+09   0.03083411   -1.2423526         4.08    5.7699913    5.7699913 
   59200     8000    299.43077    -1.242627    493.09021 3.6107422e+09  0.031476994   -1.2414856         4.08    5.7699913    5.7699913 
   59400     8000    300.03085   -1.2424296    493.47069 3.624082e+09 -0.060891259   -1.2396659         4.08    5.7699913    5.7699913 
   59600     8000    299.91682   -1.2420943    493.85116 3.6383132e+09  0.021246842   -1.2420351         4.08    5.7699913    5.7699913 
   59800     8000    299.45156   -1.2422477    494.23163 3.6519524e+09  0.076208229   -1.2428342         4.08    5.7699913    5.7699913 
   60000     8000    300.07699   -1.2425412     494.6121 3.6656592e+09  0.016077516   -1.2415683         4.08    5.7699913    5.7699913 
   60200     8000     299.1356   -1.2424226    494.99257 3.6796545e+09 -0.019667175   -1.2430204         4.08    5.7699913    5.7699913 
   60400     8000    298.26809   -1.2423667    495.37304 3.6932232e+09  0.021446775   -1.2416328         4.08    5.7699913    5.7699913 
   60600     8000    296.25847   -1.2421036    495.75351 3.707688e+09  0.051298913   -1.2410787         4.08    5.7699913    5.7699913 
   60800     8000    297.16262   -1.2423268    496.13398 3.7214525e+09 -0.030888488   -1.2418892         4.08    5.7699913    5.7699913 
   61000     8000    297.43885   -1.2423177    496.51445 3.7350682e+09  -0.12019138    -1.242026         4.08    5.7699913    5.7699913 
   61200     8000    296.86141   -1.2422808    496.89492 3.7489774e+09  0.025761467   -1.2418493         4.08    5.7699913    5.7699913 
   61400     8000    296.71404   -1.2423001    497.27539 3.7629609e+09  0.041059654   -1.2420405         4.08    5.7699913    5.7699913 
   61600     8000    296.11937   -1.2423299    497.65587 3.7770754e+09 -0.008414971   -1.2425509         4.08    5.7699913    5.7699913 
   61800     8000    297.47141   -1.2423597    498.03634 3.7909346e+09  0.083923711   -1.2414101         4.08    5.7699913    5.7699913 
   62000     8000    296.01821   -1.2419409    498.41681 3.8047052e+09 -0.062068278   -1.2416936         4.08    5.7699913    5.7699913 
   62200     8000    296.04201   -1.2417271    498.79728 3.8183326e+09 -0.0070170618   -1.2425853         4.08    5.7699913    5.7699913 
   62400     8000    299.34294    -1.241847    499.17775 3.8329308e+09 0.0012913867   -1.2410333         4.08    5.7699913    5.7699913 
   62600     8000    297.69815   -1.2414985    499.55822 3.8471668e+09  0.024109241   -1.2413073         4.08    5.7699913    5.7699913 
   62800     8000    299.40043   -1.2416429    499.93869 3.8609839e+09 -0.019954806   -1.2413472         4.08    5.7699913    5.7699913 
   63000     8000    299.31986   -1.2415285    500.31916 3.8755549e+09 0.0075472747   -1.2417773         4.08    5.7699913    5.7699913 
   63200     8000    299.10095   -1.2414326    500.69963 3.8894826e+09 -0.0027367877   -1.2415909         4.08    5.7699913    5.7699913 
   63400     8000    301.30787   -1.2415678     501.0801 3.9031006e+09   0.01744293   -1.2427553         4.08    5.7699913    5.7699913 
   63600     8000    298.42269   -1.2411879    501.46057 3.917813e+09 0.0090271354   -1.2416923         4.08    5.7699913    5.7699913 
   63800     8000    297.07427   -1.2409544    501.84104 3.9318794e+09  0.032747873   -1.2408304         4.08    5.7699913    5.7699913 
   64000     8000    299.52993   -1.2410373    502.22152 3.9464254e+09  0.016056206   -1.2417956         4.08    5.7699913    5.7699913 
   64200     8000    299.48265   -1.2411049    502.60199 3.9608318e+09  0.025303257   -1.2418816         4.08    5.7699913    5.7699913 
   64400     8000    299.89831   -1.2411282    502.98246 3.9748147e+09 0.0088024684   -1.2404172         4.08    5.7699913    5.7699913 
   64600     8000    298.02189   -1.2406212    503.36293 3.9894502e+09 -0.040529007   -1.2401423         4.08    5.7699913    5.7699913 
   64800     8000    298.32111   -1.2406635     503.7434 4.0032637e+09 -0.065681852   -1.2407164         4.08    5.7699913    5.7699913 
   65000     8000    299.10607   -1.2404038    504.12387 4.017789e+09  0.042828732   -1.2407514         4.08    5.7699913    5.7699913 
   65200     8000    300.03654   -1.2405418    504.50434 4.0326308e+09  0.041953169   -1.2402793         4.08    5.7699913    5.7699913 
   65400     8000    297.09934   -1.2399607    504.88481 4.0464185e+09 -0.050038608   -1.2399094         4.08    5.7699913    5.7699913 
   65600     8000    298.83674   -1.2401252    505.26528 4.0610948e+09  0.051198443   -1.2396137         4.08    5.7699913    5.7699913 
   65800     8000    300.16858   -1.2402272    505.64575 4.0756315e+09  0.057037086   -1.2399451         4.08    5.7699913    5.7699913 
   66000     8000    300.15825   -1.2401199    506.02622 4.0906033e+09  0.024975355   -1.2398306         4.08    5.7699913    5.7699913 
   66200     8000    300.33059   -1.2400654    506.40669 4.1051474e+09  0.043646912   -1.2402671         4.08    5.7699913    5.7699913 
   66400     8000    299.51496   -1.2399041    506.78717  4.12007e+09  0.065809413   -1.2403168         4.08    5.7699913    5.7699913 
   66600     8000    300.39272   -1.2397999    507.16764 4.1347946e+09  0.048371585   -1.2400582         4.08    5.7699913    5.7699913 
   66800     8000    297.79098   -1.2394534    507.54811 4.1489135e+09  0.037338296   -1.2401299         4.08    5.7699913    5.7699913 
   67000     8000    298.15607     -1.23944    507.92858 4.1639933e+09  0.068123885   -1.2398112         4.08    5.7699913    5.7699913 
   67200     8000    298.98134   -1.2394512    508.30905 4.1782342e+09  0.045436435   -1.2384886         4.08    5.7699913    5.7699913 
   67400     8000    298.80067   -1.2393599    508.68952 4.1936166e+09 -0.0035208623   -1.2392558         4.08    5.7699913    5.7699913 
   67600     8000    298.40424   -1.2391382    509.06999 4.2086265e+09  0.029961923   -1.2396966         4.08    5.7699913    5.7699913 
   67800     8000    298.40142   -1.2388982    509.45046 4.2229096e+09  0.018037884   -1.2397009         4.08    5.7699913    5.7699913 
   68000     8000      298.735   -1.2388192    509.83093  4.23799e+09  0.021280018   -1.2390802         4.08    5.7699913    5.7699913 
   68200     8000    298.77543   -1.2383409     510.2114 4.2528712e+09 -0.063707118   -1.2391649         4.08    5.7699913    5.7699913 
   68400     8000    300.34879   -1.2383239    510.59187 4.2680837e+09  0.029612992   -1.2381459         4.08    5.7699913    5.7699913 
   68600     8000    299.75593   -1.2382716    510.97234 4.2833332e+09  0.036532285   -1.2392082         4.08    5.7699913    5.7699913 
   68800     8000    302.81464   -1.2385682    511.35282 4.2980854e+09 -0.0025825044   -1.2387655         4.08    5.7699913    5.7699913 
   69000     8000     301.0508     -1.23818    511.73329 4.313347e+09 6.7528037e-05   -1.2392558         4.08    5.7699913    5.7699913 
   69200     8000    302.05089   -1.2382456    512.11376 4.3284052e+09 0.0093164455   -1.2375848         4.08    5.7699913    5.7699913 
   69400     8000     303.9518   -1.2382923    512.49423 4.343138e+09 0.0087151546   -1.2372079         4.08    5.7699913    5.7699913 
   69600     8000    301.96666   -1.2378456     512.8747 4.3584394e+09  0.056550137   -1.2372283         4.08    5.7699913    5.7699913 
   69800     8000     302.1258   -1.2377836    513.25517 4.3738316e+09  0.047344881   -1.2379011         4.08    5.7699913    5.7699913 
   70000     8000    303.60632   -1.2378734    513.63564 4.3889537e+09  0.017211876   -1.2377644         4.08    5.7699913    5.7699913 
   70200     8000     303.5526   -1.2377466    514.01611 4.4041639e+09 -0.081262098   -1.2374725         4.08    5.7699913    5.7699913 
   70400     8000    303.03544   -1.2375668    514.39658 4.4194011e+09   0.03232453   -1.2379306         4.08    5.7699913    5.7699913 
   70600     8000    301.01657   -1.2371756    514.77705 4.4347245e+09 0.00090374404   -1.2368552         4.08    5.7699913    5.7699913 
   70800     8000    304.16177   -1.2376325    515.15752 4.4500732e+09 0.0087174469   -1.2381863         4.08    5.7699913    5.7699913 
   71000     8000    304.76372   -1.2377551    515.53799 4.4654462e+09 -0.0044051312   -1.2372222         4.08    5.7699913    5.7699913 
   71200     8000    301.84361   -1.2372713    515.91847 4.4808417e+09 -0.038566282   -1.2374896         4.08    5.7699913    5.7699913 
   71400     8000    300.13367   -1.2370836    516.29894 4.4962587e+09 -0.0069484026     -1.23849         4.08    5.7699913    5.7699913 
   71600     8000    302.00053   -1.2373383    516.67941 4.511697e+09  0.021387531   -1.2379394         4.08    5.7699913    5.7699913 
   71800     8000    301.75106   -1.2372756    517.05988 4.5271563e+09 -0.0077517837   -1.2370926         4.08    5.7699913    5.7699913 
   72000     8000    302.60351   -1.2374308    517.44035 4.542636e+09  0.063437803    -1.237392         4.08    5.7699913    5.7699913 
   72200     8000    300.80034   -1.2371436    517.82082 4.5581356e+09  0.004894863   -1.2371125         4.08    5.7699913    5.7699913 
   72400     8000    300.53194   -1.2372516    518.20129 4.5736545e+09  -0.01890787   -1.2378428         4.08    5.7699913    5.7699913 
   72600     8000    300.81263   -1.2373847    518.58176 4.5891925e+09  0.041344423    -1.237323         4.08    5.7699913    5.7699913 
   72800     8000    299.66139   -1.2371144    518.96223 4.6047495e+09 -0.084621328   -1.2360204         4.08    5.7699913    5.7699913 
   73000     8000    298.17519   -1.2368909     519.3427 4.6203257e+09 -0.041073496   -1.2362967         4.08    5.7699913    5.7699913 
   73200     8000    299.70225   -1.2370511    519.72317 4.6359215e+09  0.034501616   -1.2363278         4.08    5.7699913    5.7699913 
   73400     8000    299.80728   -1.2368602    520.10364 4.6515373e+09  0.059580495   -1.2368217         4.08    5.7699913    5.7699913 
   73600     8000    298.43583   -1.2368012    520.48412 4.6671734e+09 -0.024007759   -1.2357059         4.08    5.7699913    5.7699913 
   73800     8000     297.9938   -1.2367588    520.86459 4.6828305e+09   0.02784369    -1.236895         4.08    5.7699913    5.7699913 
   74000     8000    298.35475   -1.2367344    521.24506 4.6985093e+09   0.09830129   -1.2365613         4.08    5.7699913    5.7699913 
   74200     8000    299.29455   -1.2368571    521.62553 4.7142105e+09  0.032810921   -1.2368429         4.08    5.7699913    5.7699913 
   74400     8000    297.98079   -1.2366906      522.006 4.7299346e+09 -0.016183958   -1.2366173         4.08    5.7699913    5.7699913 
   74600     8000    297.48929   -1.2366497    522.38647 4.7456823e+09  0.010863365    -1.237159         4.08    5.7699913    5.7699913 
   74800     8000    297.66188   -1.2366422    522.76694 4.7614545e+09 -0.012190016   -1.2363591         4.08    5.7699913    5.7699913 
   75000     8000    298.30867   -1.2367613    523.14741 4.7772523e+09  0.037186025   -1.2374051         4.08    5.7699913    5.7699913 
   75200     8000    297.21029   -1.2365434    523.52788 4.7930763e+09 0.0003066928   -1.2358335         4.08    5.7699913    5.7699913 
   75400     8000    297.50973   -1.2364128    523.90835 4.8089279e+09   0.02551604   -1.2364455         4.08    5.7699913    5.7699913 
   75600     8000    297.82401   -1.2363054    524.28882 4.824808e+09 -0.015337262   -1.2371938         4.08    5.7699913    5.7699913 
   75800     8000    296.42577   -1.2360394     524.6693 4.8407178e+09  0.038781113   -1.2362927         4.08    5.7699913    5.7699913 
   76000     8000    296.96333   -1.2361276    525.04977 4.8566586e+09 -0.0093015226    -1.236124         4.08    5.7699913    5.7699913 
   76200     8000     297.4572   -1.2359344    525.43024 4.8731924e+09 -0.053586948   -1.2358615         4.08    5.7699913    5.7699913 
   76400     8000     297.7778   -1.2359467    525.81071 4.8889505e+09  0.032983498   -1.2362679         4.08    5.7699913    5.7699913 
   76600     8000    298.08896   -1.2359087    526.19118 4.9047422e+09 0.0037081245   -1.2372128         4.08    5.7699913    5.7699913 
   76800     8000    298.31343   -1.2353697    526.57165 4.9207567e+09 -0.022981008   -1.2353417         4.08    5.7699913    5.7699913 
   77000     8000    299.23733   -1.2353244    526.95212  4.93687e+09  0.053714755   -1.2354237         4.08    5.7699913    5.7699913 
   77200     8000    297.61443   -1.2351188    527.33259 4.9530203e+09 -0.011094243   -1.2351457         4.08    5.7699913    5.7699913 
   77400     8000    297.24085   -1.2349678    527.71306 4.9692085e+09 -0.025469616   -1.2348026         4.08    5.7699913    5.7699913 
   77600     8000    298.00026   -1.2349894    528.09353 4.9854356e+09 -0.067909571   -1.2346003         4.08    5.7699913    5.7699913 
   77800     8000    299.49742    -1.235081      528.474 5.0017023e+09 -0.010847438   -1.2353925         4.08    5.7699913    5.7699913 
   78000     8000    300.64407   -1.2351279    528.85447 5.018009e+09 -0.0083140723   -1.2358461         4.08    5.7699913    5.7699913 
   78200     8000    300.20479   -1.2347571    529.23495 5.0343558e+09 -0.0030165544   -1.2341097         4.08    5.7699913    5.7699913 
   78400     8000    301.70886   -1.2348953    529.61542 5.0507424e+09  0.047099237   -1.2350595         4.08    5.7699913    5.7699913 
   78600     8000    299.83586   -1.2344138    529.99589 5.0671683e+09 -0.005660164   -1.2338403         4.08    5.7699913    5.7699913 
   78800     8000    301.03831   -1.2343949    530.37636 5.0836333e+09 0.0050531378   -1.2345145         4.08    5.7699913    5.7699913 
   79000     8000     303.1314   -1.2345246    530.75683 5.1001373e+09  0.010174503   -1.2345836         4.08    5.7699913    5.7699913 
   79200     8000    301.86886   -1.2343577     531.1373 5.1171951e+09  0.043761591   -1.2338337         4.08    5.7699913    5.7699913 
   79400     8000    300.80075   -1.2340394    531.51777 5.133646e+09 -0.042257417   -1.2333521         4.08    5.7699913    5.7699913 
   79600     8000    299.26467   -1.2337275    531.89824 5.1501331e+09 -0.018039187   -1.2341263         4.08    5.7699913    5.7699913 
   79800     8000    301.06768   -1.2336719    532.27871 5.1666564e+09  0.028791344   -1.2346614         4.08    5.7699913    5.7699913 
   80000     8000    300.29115   -1.2333231    532.65918 5.1832157e+09 0.0077717314   -1.2328885         4.08    5.7699913    5.7699913 
   80200     8000    301.74281   -1.2334547    533.03965 5.199941e+09 -0.0077081264   -1.2345252         4.08    5.7699913    5.7699913 
   80400     8000    299.37513   -1.2329155    533.42012 5.216702e+09  0.017310025   -1.2325342         4.08    5.7699913    5.7699913 
   80600     8000    302.57089   -1.2332151     533.8006 5.2334984e+09 -0.021599347   -1.2336087         4.08    5.7699913    5.7699913 
   80800     8000    301.38773   -1.2329393    534.18107 5.2503298e+09  0.003893968   -1.2329823         4.08    5.7699913    5.7699913 
   81000     8000    300.71598   -1.2328151    534.56154 5.2671957e+09  0.022169712   -1.2314071         4.08    5.7699913    5.7699913 
   81200     8000    300.83487    -1.232859    534.94201 5.2840959e+09  0.035736539   -1.2326936         4.08    5.7699913    5.7699913 
   81400     8000    301.35877   -1.2329405    535.32248 5.3010299e+09 -0.0072046943   -1.2329672         4.08    5.7699913    5.7699913 
   81600     8000    300.84699     -1.23275    535.70295 5.3179975e+09 -0.0018801516   -1.2315375         4.08    5.7699913    5.7699913 
   81800     8000    302.68842   -1.2330071    536.08342 5.334998e+09  0.052344256   -1.2330134         4.08    5.7699913    5.7699913 
   82000     8000    302.16556   -1.2328901    536.46389 5.3520308e+09 0.0028002565   -1.2324047         4.08    5.7699913    5.7699913 
   82200     8000    302.16998    -1.232733    536.84436 5.369095e+09 -0.010490111   -1.2320887         4.08    5.7699913    5.7699913 
   82400     8000    303.15583   -1.2328297    537.22483 5.3861897e+09  0.067647384   -1.2331273         4.08    5.7699913    5.7699913 
   82600     8000    302.19955   -1.2326573     537.6053 5.4033138e+09  0.017977652   -1.2324872         4.08    5.7699913    5.7699913 
   82800     8000    301.32084   -1.2324749    537.98577 5.4204667e+09 -0.0091118168   -1.2320354         4.08    5.7699913    5.7699913 
   83000     8000    300.65851   -1.2323961    538.36625 5.4376477e+09  0.021287552   -1.2320578         4.08    5.7699913    5.7699913 
   83200     8000    301.47939   -1.2325428    538.74672 5.4548566e+09  0.032322162   -1.2323271         4.08    5.7699913    5.7699913 
   83400     8000    300.21316   -1.2323692    539.12719 5.4720927e+09 -0.038165322   -1.2337864         4.08    5.7699913    5.7699913 
   83600     8000    300.93594   -1.2324917    539.50766 5.4893556e+09 -0.0098132977   -1.2318216         4.08    5.7699913    5.7699913 
   83800     8000    301.42415   -1.2325346    539.88813 5.5066451e+09 -0.0029527162   -1.2329569         4.08    5.7699913    5.7699913 
   84000     8000    300.79672   -1.2325075     540.2686 5.5239608e+09 -0.025524513   -1.2328198         4.08    5.7699913    5.7699913 
   84200     8000    299.93775   -1.2324772    540.64907 5.5419079e+09 -0.00076272352    -1.231897         4.08    5.7699913    5.7699913 
   84400     8000     300.0955   -1.2324986    541.02954 5.5590065e+09  0.038570538   -1.2328567         4.08    5.7699913    5.7699913 
   84600     8000    299.55101   -1.2324371    541.41001 5.5761302e+09 -0.012690738   -1.2324442         4.08    5.7699913    5.7699913 
   84800     8000     300.9575   -1.2326607    541.79048 5.5934816e+09 -0.036451508   -1.2321666         4.08    5.7699913    5.7699913 
   85000     8000    299.54976   -1.2325191    542.17095 5.6109261e+09 -0.023341891   -1.2324097         4.08    5.7699913    5.7699913 
   85200     8000    299.70587   -1.2324796    542.55142 5.628396e+09 -0.0084046923    -1.232369         4.08    5.7699913    5.7699913 
   85400     8000    300.34709   -1.2325786     542.9319 5.6458913e+09  0.038501121   -1.2332524         4.08    5.7699913    5.7699913 
   85600     8000    300.03154   -1.2325535    543.31237 5.6634123e+09  0.048889595   -1.2325583         4.08    5.7699913    5.7699913 
   85800     8000    299.07081   -1.2323974    543.69284 5.6877559e+09 -0.011567075   -1.2334659         4.08    5.7699913    5.7699913 
   86000     8000    301.01567   -1.2327049    544.07331 5.712206e+09  0.015385953   -1.2333799         4.08    5.7699913    5.7699913 
   86200     8000    300.01568   -1.2326249    544.45378 5.7367047e+09  0.025880592   -1.2329706         4.08    5.7699913    5.7699913 
   86400     8000    298.16164   -1.2324182    544.83425 5.7612524e+09 -0.017890423    -1.231521         4.08    5.7699913    5.7699913 
   86600     8000    299.17789   -1.2325737    545.21472 5.7858496e+09  0.045073317   -1.2328366         4.08    5.7699913    5.7699913 
   86800     8000    298.50123   -1.2325068    545.59519 5.8104968e+09 -0.021598115    -1.233086         4.08    5.7699913    5.7699913 
   87000     8000      297.834   -1.2324442    545.97566 5.8351946e+09  0.016695253   -1.2321882         4.08    5.7699913    5.7699913 
   87200     8000    297.18903   -1.2323078    546.35613 5.8599442e+09  0.019275557   -1.2320274         4.08    5.7699913    5.7699913 
   87400     8000    298.99444   -1.2325296     546.7366 5.8847468e+09  0.018411433   -1.2321829         4.08    5.7699913    5.7699913 
   87600     8000    301.39502    -1.232761    547.11707 5.9096033e+09  0.022844284   -1.2328131         4.08    5.7699913    5.7699913 
   87800     8000    298.73732   -1.2322993    547.49755 5.9345138e+09 -0.021178997   -1.2334666         4.08    5.7699913    5.7699913 
   88000     8000     299.5589    -1.232353    547.87802 5.9594787e+09 -0.0081426636   -1.2322251         4.08    5.7699913    5.7699913 
   88200     8000    298.65388    -1.232237    548.25849 5.9844981e+09   0.01225054   -1.2321745         4.08    5.7699913    5.7699913 
   88400     8000    299.41691   -1.2323649    548.63896 6.0095727e+09  0.015775495    -1.232499         4.08    5.7699913    5.7699913 
   88600     8000    298.96605   -1.2322761    549.01943 6.0347032e+09 0.0017847752   -1.2321395         4.08    5.7699913    5.7699913 
   88800     8000    300.13455   -1.2323439     549.3999  6.05989e+09  0.030780683   -1.2313725         4.08    5.7699913    5.7699913 
   89000     8000    300.14706   -1.2324013    549.78037 6.0851331e+09 -4.4986729e-05   -1.2326873         4.08    5.7699913    5.7699913 
   89200     8000    298.68064   -1.2322116    550.16084 6.1104324e+09 0.0025145345   -1.2329883         4.08    5.7699913    5.7699913 
   89400     8000    298.74936   -1.2321533    550.54131 6.1357887e+09 -0.0045508803   -1.2321395         4.08    5.7699913    5.7699913 
   89600     8000    299.63033   -1.2322061    550.92178 6.1612032e+09  0.013032867   -1.2323662         4.08    5.7699913    5.7699913 
   89800     8000    299.93994   -1.2322328    551.30225 6.1866766e+09 0.0057784574   -1.2316755         4.08    5.7699913    5.7699913 
   90000     8000    300.71815   -1.2322516    551.68273 6.2122089e+09 -0.021451806   -1.2322737         4.08    5.7699913    5.7699913 
   90200     8000    300.00815   -1.2320384     552.0632 6.2378002e+09 -0.009787197   -1.2317637         4.08    5.7699913    5.7699913 
   90400     8000    299.16604   -1.2319106    552.44367 6.2634504e+09 -0.022399004   -1.2320993         4.08    5.7699913    5.7699913 
   90600     8000    299.72341   -1.2319657    552.82414 6.2891599e+09  0.012912269   -1.2316912         4.08    5.7699913    5.7699913 
   90800     8000    301.05108   -1.2321068    553.20461 6.3149294e+09 0.0018010869   -1.2322283         4.08    5.7699913    5.7699913 
   91000     8000    300.30768   -1.2320439    553.58508 6.340759e+09  0.017013319   -1.2325254         4.08    5.7699913    5.7699913 
   91200     8000    299.06254   -1.2319013    553.96555 6.3666485e+09  0.032893138   -1.2317619         4.08    5.7699913    5.7699913 
   91400     8000     299.2229   -1.2319322    554.34602 6.3925986e+09 -0.0092631491   -1.2316355         4.08    5.7699913    5.7699913 
   91600     8000    298.28334   -1.2317741    554.72649 6.4186102e+09  0.006950126   -1.2318366         4.08    5.7699913    5.7699913 
   91800     8000    298.60069   -1.2317878    555.10696 6.444684e+09 0.0046486855   -1.2311894         4.08    5.7699913    5.7699913 
   92000     8000    298.37235   -1.2317298    555.48743 6.4708214e+09  0.032640863   -1.2317311         4.08    5.7699913    5.7699913 
   92200     8000    299.12574   -1.2318464     555.8679 6.4970236e+09  0.030009667   -1.2308438         4.08    5.7699913    5.7699913 
   92400     8000    297.26012   -1.2315374    556.24838 6.5232914e+09  0.046783343   -1.2318145         4.08    5.7699913    5.7699913 
   92600     8000    299.01509   -1.2317754    556.62885 6.5496265e+09 -0.021422636   -1.2322743         4.08    5.7699913    5.7699913 
   92800     8000    299.22109   -1.2317179    557.00932 6.5760304e+09 -0.024829106   -1.2316833         4.08    5.7699913    5.7699913 
