0.000000000000000000e+00
-4.895715290561728494e-01
-7.971564002547317784e-01
-1.057888396084685212e+00
-1.292612794787523001e+00
-1.509556942242987532e+00
-1.712264893614403150e+00
-1.904841342205735089e+00
-2.089120172713748502e+00
-2.266398323814456717e+00
-2.437634328080193313e+00
-2.603561060267267635e+00
-2.764754174752283689e+00
-2.921675873640282362e+00
-3.074704102405306116e+00
-3.224152713455481489e+00
-3.370285803973899874e+00
-3.513328167708365868e+00
-3.653473078978706212e+00
-3.790888199105296508e+00
-3.925720132333168522e+00
-4.058097991570207341e+00
-4.188136225550351810e+00
-4.315936886868115607e+00
-4.441591470386953233e+00
-4.565182418040677703e+00
-4.686784361083738304e+00
-4.805727189689349643e+00
-4.922542819410011816e+00
-5.037551864239247834e+00
-5.150807116026840049e+00
-5.262357417768242840e+00
-5.372248111089987788e+00
-5.480521422173467272e+00
-5.587216796075580305e+00
-5.692371187565640867e+00
-5.796019315058771326e+00
-5.898193883271716231e+00
-5.998925778910205509e+00
-6.098244243371112816e+00
-6.196177025518579740e+00
-6.292750517230075502e+00
-6.387989873963022092e+00
-6.481919122267839839e+00
-6.574561255775790869e+00
-6.665938321394236254e+00
-6.756071496327422210e+00
-6.844981157565797503e+00
-6.932686944361222459e+00
-7.019207814590743055e+00
-7.104562095696593360e+00
-7.188767530724902599e+00
-7.271841320112287121e+00
-7.353800159470978315e+00
-7.434660274087178777e+00
-7.514437450017368292e+00
-7.593147062684266757e+00
-7.670804102726776819e+00
-7.747423199653155734e+00
-7.823018643424262564e+00
-7.897604404114048293e+00
-7.971194150052525629e+00
-8.043801264189937683e+00
-8.115438859265623250e+00
-8.186119791639953291e+00
-8.255856673987295835e+00
-8.324542294742116155e+00
-8.392290978382732192e+00
-8.459134541102741878e+00
-8.525084811672968499e+00
-8.590153424283244021e+00
-8.654351826010497462e+00
-8.717691283966019000e+00
-8.780182891595245565e+00
-8.841837574679743739e+00
-8.902666096818279584e+00
-8.962679064505437054e+00
-9.021886931834558254e+00
-9.080300004854564122e+00
-9.137928445614988959e+00
-9.194782275922250392e+00
-9.250871380834382762e+00
-9.306205511917653439e+00
-9.360794290281717167e+00
-9.414647209418717466e+00
-9.467773637859295377e+00
-9.520182821661421713e+00
-9.571883886748651094e+00
-9.622885841111497029e+00
-9.673197576881022997e+00
-9.722827872320294773e+00
-9.771785393558729993e+00
-9.820078696544385366e+00
-9.867716228565768688e+00
-9.914706329908540283e+00
-9.961057235369707996e+00
-1.000677707571605879e+01
-1.005187387908591745e+01
-1.009635557233468717e+01
-1.014022998233332373e+01
-1.018350483722377930e+01
-1.022618776763124515e+01
-1.026828630784410734e+01
-1.030980789695814792e+01
-1.035075987999141489e+01
-1.039114950897499057e+01
-1.043098394401675932e+01
-1.047027025434090319e+01
-1.050901541931381189e+01
-1.054722632944645966e+01
-1.058490978738063859e+01
-1.062207250886342536e+01
-1.065872112370567493e+01
-1.069486217672658768e+01
-1.073050212869037523e+01
-1.076564735723115973e+01
-1.080030415776548125e+01
-1.083447874440167880e+01
-1.086817725084654285e+01
-1.090140573125501078e+01
-1.093417016116950435e+01
-1.096647643836274710e+01
-1.099830561305208221e+01
-1.102964262360802650e+01
-1.106054136416508982e+01
-1.109100744236377523e+01
-1.112104639184468624e+01
-1.115066367309282214e+01
-1.117986467428306696e+01
-1.120865471212232478e+01
-1.123703903267556825e+01
-1.126502281220285795e+01
-1.129261115797959292e+01
-1.131980910911102001e+01
-1.134662163735708873e+01
-1.137305364793365925e+01
-1.139910998032115685e+01
-1.142479540903707402e+01
-1.145011464453074268e+01
-1.147507233382191316e+01
-1.149967306138603362e+01
-1.152392134990617478e+01
-1.154782166104598673e+01
-1.157137839621748299e+01
-1.159459589734393603e+01
-1.161747844761339366e+01
-1.164003027223111530e+01
-1.166225553916291346e+01
-1.168415835987906348e+01
-1.170574279006444840e+01
-1.172701283037793019e+01
-1.174797242715158063e+01
-1.176862547310827267e+01
-1.178897580806773249e+01
-1.180902721965105684e+01
-1.182878344397158799e+01
-1.184824816632374223e+01
-1.186742502186700676e+01
-1.188631759629618045e+01
-1.190492942651144403e+01
-1.192326400128052910e+01
-1.194132476189372483e+01
-1.195911510280683387e+01
-1.197663837228589045e+01
-1.199389787304312449e+01
-1.201089686285928337e+01
-1.202763855520714742e+01
-1.204412611986163029e+01
-1.206036268351141416e+01
-1.207635133035489616e+01
-1.209209510269289467e+01
-1.210759700151584184e+01
-1.212285998708330226e+01
-1.213788697949155448e+01
-1.215268085924498109e+01
-1.216724446781159941e+01
-1.218158060817262367e+01
-1.219569204536912821e+01
-1.220958150704251466e+01
-1.222325168395963146e+01
-1.223670523054198611e+01
-1.224994476538370236e+01
-1.226297287175964357e+01
-1.227579209813188754e+01
-1.228840495864517379e+01
-1.230081393362445397e+01
-1.231302147005203551e+01
-1.232502998205268341e+01
-1.233684185136019096e+01
-1.234845942778645167e+01
-1.235988502968120883e+01
-1.237112094438464283e+01
-1.238216942867097714e+01
-1.239303270919572242e+01
-1.240371298292291158e+01
-1.241421241756302152e+01
-1.242453315198577002e+01
-1.243467729664439503e+01
-1.244464693398435884e+01
-1.245444411884682268e+01
-1.246407087887052967e+01
-1.247352921488186439e+01
-1.248282110129048306e+01
-1.249194848646266109e+01
-1.250091329310453148e+01
-1.250971741863111220e+01
-1.251836273553374212e+01
-1.252685109174421996e+01
-1.253518431098029851e+01
-1.254336419310698147e+01
-1.255139251446098569e+01
-1.255927102825148722e+01
-1.256700146480955027e+01
-1.257458553197545825e+01
-1.258202491540725987e+01
-1.258932127890625452e+01
-1.259647626472860793e+01
-1.260349149389821832e+01
-1.261036856651276139e+01
-1.261710906204689309e+01
-1.262371453965045021e+01
-1.263018653843516859e+01
-1.263652657777402055e+01
-1.264273615757565494e+01
-1.264881675857202481e+01
-1.265476984258521043e+01
-1.266059685281209113e+01
-1.266629921407593429e+01
-1.267187833310458700e+01
-1.267733559878251981e+01
-1.268267238240707684e+01
-1.268789003794142900e+01
-1.269298990225922807e+01
-1.269797329539881048e+01
-1.270284152078158968e+01
-1.270759586548467723e+01
-1.271223760043778839e+01
-1.271676798067210257e+01
-1.272118824554354433e+01
-1.272549961895401793e+01
-1.272970330957127771e+01
-1.273380051104709310e+01
-1.273779240221892906e+01
-1.274168014734277676e+01
-1.274546489627346091e+01
-1.274914778468632903e+01
-1.275272993426335688e+01
-1.275621245290346906e+01
-1.275959643490784856e+01
-1.276288296117081700e+01
-1.276607309937344326e+01
-1.276916790416339609e+01
-1.277216841734275476e+01
-1.277507566804104044e+01
-1.277789067289916147e+01
-1.278061443623585092e+01
-1.278324795022865601e+01
-1.278579219507253129e+01
-1.278824813915514369e+01
-1.279061673921489728e+01
-1.279289894050407383e+01
-1.279509567695424721e+01
-1.279720787131577708e+01
-1.279923643532958977e+01
-1.280118226987201524e+01
-1.280304626510303478e+01
-1.280482930061316438e+01
-1.280653224557318026e+01
-1.280815595887270320e+01
-1.280970128926003326e+01
-1.281116907548573636e+01
-1.281256014642860919e+01
-1.281387532124585960e+01
-1.281511540949270511e+01
-1.281628121125834241e+01
-1.281737351728941121e+01
-1.281839310912221208e+01
-1.281934075920287341e+01
-1.282021723101320276e+01
-1.282102327919210438e+01
-1.282175964964778814e+01
-1.282242707968055129e+01
-1.282302629810237704e+01
-1.282355802533913902e+01
-1.282402297355588416e+01
-1.282442184675073804e+01
-1.282475534088439417e+01
-1.282502414396890345e+01
-1.282522893618192938e+01
-1.282537038997054424e+01
-1.282544917014945440e+01
-1.282546593400832080e+01
-1.282542133140464102e+01
-1.282531600486390744e+01
-1.282515058967953792e+01
-1.282492571400086945e+01
-1.282464199893342993e+01
-1.282430005863000133e+01
-1.282390050037167839e+01
-1.282344392467700800e+01
-1.282293092537247503e+01
-1.282236208968754454e+01
-1.282173799833526573e+01
-1.282105922560560884e+01
-1.282032633943970268e+01
-1.281953990151453127e+01
-1.281870046732649371e+01
-1.281780858626677855e+01
-1.281686480170480991e+01
-1.281586965105714171e+01
-1.281482366587454180e+01
-1.281372737190838507e+01
-1.281258128918841521e+01
-1.281138593209504961e+01
-1.281014180943066094e+01
-1.280884942449210939e+01
-1.280750927513793158e+01
-1.280612185385734847e+01
-1.280468764784200175e+01
-1.280320713904939112e+01
-1.280168080426756205e+01
-1.280010911518104422e+01
-1.279849253844190571e+01
-1.279683153572023002e+01
-1.279512656377426083e+01
-1.279337807450747277e+01
-1.279158651503757937e+01
-1.278975232774621418e+01
-1.278787595034316382e+01
-1.278595781592139247e+01
-1.278399835301615894e+01
-1.278199798565844958e+01
-1.277995713343671014e+01
-1.277787621154516273e+01
-1.277575563083746601e+01
-1.277359579789060717e+01
-1.277139711503775743e+01
-1.276915998044364642e+01
-1.276688478813582606e+01
-1.276457192806060448e+01
-1.276222178614011682e+01
-1.275983474431291143e+01
-1.275741118058749635e+01
-1.275495146907985600e+01
-1.275245598008052639e+01
-1.274992508007801462e+01
-1.274735913181405067e+01
-1.274475849433270014e+01
-1.274212352302197360e+01
-1.273945456965429912e+01
-1.273675198243427076e+01
-1.273401610603355039e+01
-1.273124728164407315e+01
-1.272844584701056192e+01
-1.272561213647736622e+01
-1.272274648102006722e+01
-1.271984920829595467e+01
-1.271692064267745081e+01
-1.271396110529121870e+01
-1.271097091405295032e+01
-1.270795038371534247e+01
-1.270489982589424471e+01
-1.270181954911163302e+01
-1.269870985882471359e+01
-1.269557105747662717e+01
-1.269240344450759039e+01
-1.268920731641833299e+01
-1.268598296677828330e+01
-1.268273068627695466e+01
-1.267945076274827443e+01
-1.267614348121060175e+01
-1.267280912388628167e+01
-1.266944797024848413e+01
-1.266606029704803404e+01
-1.266264637833751294e+01
-1.265920648550832084e+01
-1.265574088733001190e+01
-1.265224984995415980e+01
-1.264873363697370223e+01
-1.264519250943340012e+01
-1.264162672586280678e+01
-1.263803654230810025e+01
-1.263442221236414298e+01
-1.263078398718130302e+01
-1.262712211551979635e+01
-1.262343684376196506e+01
-1.261972841593728845e+01
-1.261599707375694379e+01
-1.261224305663449741e+01
-1.260846660170750511e+01
-1.260466794387843947e+01
-1.260084731582082895e+01
-1.259700494801245441e+01
-1.259314106876331607e+01
-1.258925590423314134e+01
-1.258534967845844221e+01
-1.258142261337843593e+01
-1.257747492884504936e+01
-1.257350684266589269e+01
-1.256951857061267219e+01
-1.256551032644574661e+01
-1.256148232194095726e+01
-1.255743476690463467e+01
-1.255336786920042869e+01
-1.254928183476795311e+01
-1.254517686764006612e+01
-1.254105316997788577e+01
-1.253691094207192691e+01
-1.253275038236574801e+01
-1.252857168749983430e+01
-1.252437505229295311e+01
-1.252016066979263087e+01
-1.251592873128083738e+01
-1.251167942628603669e+01
-1.250741294262388692e+01
-1.250312946639451184e+01
-1.249882918201024040e+01
-1.249451227220993133e+01
-1.249017891808352942e+01
-1.248582929907593098e+01
-1.248146359302268138e+01
-1.247708197614906567e+01
-1.247268462310216819e+01
-1.246827170695792120e+01
-1.246384339924111373e+01
-1.245939986993835191e+01
-1.245494128752011420e+01
-1.245046781895052845e+01
-1.244597962970919980e+01
-1.244147688380280670e+01
-1.243695974377624225e+01
-1.243242837073557894e+01
-1.242788292436375741e+01
-1.242332356292718032e+01
-1.241875044329640332e+01
-1.241416372095864062e+01
-1.240956355002549572e+01
-1.240495008326820425e+01
-1.240032347210899388e+01
-1.239568386663813726e+01
-1.239103141563850841e+01
-1.238636626659399553e+01
-1.238168856569950549e+01
-1.237699845787346931e+01
-1.237229608677898796e+01
-1.236758159482747033e+01
-1.236285512319727786e+01
-1.235811681183963628e+01
-1.235336679950296457e+01
-1.234860522373128333e+01
-1.234383222088035836e+01
-1.233904792614430335e+01
-1.233425247353875420e+01
-1.232944599593633939e+01
-1.232462862507281898e+01
-1.231980049155549750e+01
-1.231496172487095464e+01
-1.231011245339823290e+01
-1.230525280443180236e+01
-1.230038290417610369e+01
-1.229550287775759898e+01
-1.229061284925592190e+01
-1.228571294168159511e+01
-1.228080327701150054e+01
-1.227588397619706484e+01
-1.227095515915902979e+01
-1.226601694481269078e+01
-1.226106945107198953e+01
-1.225611279485838168e+01
-1.225114709210492947e+01
-1.224617245779131736e+01
-1.224118900591679449e+01
-1.223619684953632714e+01
-1.223119610075696073e+01
-1.222618687075464550e+01
-1.222116926977855655e+01
-1.221614340715677827e+01
-1.221110939131654050e+01
-1.220606732978285436e+01
-1.220101732918965354e+01
-1.219595949528638812e+01
-1.219089393295689661e+01
-1.218582074621690481e+01
-1.218074003821948281e+01
-1.217565191127414437e+01
-1.217055646684912062e+01
-1.216545380558613942e+01
-1.216034402728723762e+01
-1.215522723095318725e+01
-1.215010351476848882e+01
-1.214497297611887916e+01
-1.213983571159246821e+01
-1.213469181699542787e+01
-1.212954138735221932e+01
-1.212438451691400587e+01
-1.211922129917616076e+01
-1.211405182686780790e+01
-1.210887619197387721e+01
-1.210369448573123918e+01
-1.209850679864666745e+01
1.000000000000000000e+01
1.080557480166527284e+01
1.063184785883572658e+01
1.046124372075695419e+01
1.029370148486259495e+01
1.012916148678203854e+01
9.967565274863375180e+00
9.808855585218509532e+00
9.652976317278273655e+00
9.499872509850149527e+00
9.349490317665811290e+00
9.201776988409051228e+00
9.056680840216074557e+00
8.914151239636169066e+00
8.774138580046155766e+00
8.636594260505091825e+00
8.501470665046610975e+00
8.368721142393212631e+00
8.238299986089430149e+00
8.110162415041713757e+00
7.984264554459741703e+00
7.860563417187279356e+00
7.739016885418664060e+00
7.619583692790627083e+00
7.502223406842148279e+00
7.386896411835977005e+00
7.273563891932241177e+00
7.162187814710023304e+00
7.052730915026785397e+00
6.945156679211009987e+00
6.839429329580269723e+00
6.735513809277563269e+00
6.633375767420915281e+00
6.532981544558595033e+00
6.434298158424581970e+00
6.337293289987030676e+00
6.241935269784875118e+00
6.148193064546290998e+00
6.056036264083417109e+00
5.965435068456940826e+00
5.876360275405829725e+00
5.788783268037093421e+00
5.702676002768953367e+00
5.618010997523498418e+00
5.534761320163028131e+00
5.452900577165365803e+00
5.372402902533281122e+00
5.293242946933077064e+00
5.215395867057452506e+00
5.138837315208775181e+00
5.063543429097677517e+00
4.989490821852086810e+00
4.916656572233620182e+00
4.845018215056256849e+00
4.774553731803024448e+00
4.705241541437317210e+00
4.637060491404213280e+00
4.569989848817499478e+00
4.504009291830953998e+00
4.439098901186383728e+00
4.375239151937904580e+00
4.312410905347206835e+00
4.250595400947162261e+00
4.189774248769737142e+00
4.129929421734630068e+00
4.071043248196559716e+00
4.013098404646285644e+00
3.956077908563017331e+00
3.899965111416221930e+00
3.844743691810649011e+00
3.790397648775524431e+00
3.736911295191546856e+00
3.684269251355075880e+00
3.632456438675788490e+00
3.581458073504691697e+00
3.531259661090942359e+00
3.481846989663338832e+00
3.433206124635802325e+00
3.385323402931845749e+00
3.338185427428058460e+00
3.291779061512301041e+00
3.246091423755345318e+00
3.201109882692847464e+00
3.156822051716162036e+00
3.113215784068799508e+00
3.070279167947305154e+00
3.028000521703802406e+00
2.986368389147912694e+00
2.945371534946914949e+00
2.904998940121203077e+00
2.865239797633066132e+00
2.826083508067753769e+00
2.787519675404070085e+00
2.749538102872548961e+00
2.712128788900486143e+00
2.675281923140445883e+00
2.638987882582142674e+00
2.603237227744500615e+00
2.568020698947123037e+00
2.533329212659609198e+00
2.499153857926216915e+00
2.465485892865217465e+00
2.432316741241152158e+00
2.399637989107915814e+00
2.367441381522141342e+00
2.335718819324483775e+00
2.304462355988206923e+00
2.273664194533040472e+00
2.243316684503398051e+00
2.213412319009009366e+00
2.183943731827781676e+00
2.154903694568233163e+00
2.126285113891228207e+00
2.098081028789380298e+00
2.070284607923142062e+00
2.042889147011862860e+00
2.015888066279728719e+00
1.989274907954097671e+00
1.963043333816230529e+00
1.937187122802832562e+00
1.911700168657333165e+00
1.886576477629873239e+00
1.861810166225524199e+00
1.837395458998656750e+00
1.813326686393473608e+00
1.789598282629278003e+00
1.766204783629788722e+00
1.743140824995144555e+00
1.720401140016264208e+00
1.697980557730154771e+00
1.675874001015941417e+00
1.654076484729948504e+00
1.632583113879768177e+00
1.611389081836009041e+00
1.590489668581263061e+00
1.569880238995303046e+00
1.549556241175608307e+00
1.529513204793161663e+00
1.509746739481755640e+00
1.490252533261077872e+00
1.471026350992097775e+00
1.452064032864775811e+00
1.433361492916745306e+00
1.414914717582810511e+00
1.396719764274301667e+00
1.378772759988038388e+00
1.361069899943821326e+00
1.343607446250061344e+00
1.326381726597141153e+00
1.309389132977656800e+00
1.292626120433034487e+00
1.276089205825961415e+00
1.259774966638410376e+00
1.243680039794135439e+00
1.227801120505517929e+00
1.212134961144265333e+00
1.196678370135209946e+00
1.181428210873164630e+00
1.166381400661620660e+00
1.151534909673621598e+00
1.136885759933967677e+00
1.122431024322153803e+00
1.108167825595913314e+00
1.094093335434777714e+00
1.080204773503353977e+00
1.066499406533601757e+00
1.052974547426110519e+00
1.039627554369687346e+00
1.026455829979063594e+00
1.013456820450159057e+00
1.000628014732590998e+00
9.879669437193285830e-01
9.754711794525405821e-01
9.631383343459916091e-01
9.509660604230987246e-01
9.389520485706412956e-01
9.270940278076302832e-01
9.153897645690101115e-01
9.038370620040829806e-01
8.924337592890232429e-01
8.811777309536203973e-01
8.700668862213483123e-01
8.590991683631798992e-01
8.482725540642626072e-01
8.375850528034796127e-01
8.270347062457794607e-01
8.166195876464428238e-01
8.063378012677020479e-01
7.961874818069745174e-01
7.861667938367737918e-01
7.762739312557727089e-01
7.665071167510362216e-01
7.568646012710438242e-01
7.473446635093132784e-01
7.379456093984479992e-01
7.286657716142244112e-01
7.195035090898294072e-01
7.104572065396830283e-01
7.015252739928072856e-01
6.927061463355599358e-01
6.839982828636195222e-01
6.754001668426674598e-01
6.669103050781153286e-01
6.585272274931597281e-01
6.502494867154595681e-01
6.420756576718318343e-01
6.340043371911434633e-01
6.260341436150298478e-01
6.181637164163724663e-01
6.103917158251910280e-01
6.027168224621561876e-01
5.951377369792005823e-01
5.876531797071713470e-01
5.802618903106022685e-01
5.729626274491330662e-01
5.657541684456859343e-01
5.586353089610334166e-01
5.516048626748997208e-01
5.446616609732366499e-01
5.378045526415604627e-01
5.310324035643851914e-01
5.243440964304859619e-01
5.177385304438644198e-01
5.112146210403629709e-01
5.047712996098425720e-01
4.984075132236363004e-01
4.921222243674243657e-01
4.859144106791184470e-01
4.797830646919898356e-01
4.737271935825830838e-01
4.677458189236407549e-01
4.618379764416093991e-01
4.560027157789985353e-01
4.502391002611378923e-01
4.445462066674785717e-01
4.389231250072462842e-01
4.333689582993986988e-01
4.278828223567412437e-01
4.224638455741533960e-01
4.171111687208739482e-01
4.118239447367155748e-01
4.066013385320736973e-01
4.014425267918291240e-01
3.963466977828229432e-01
3.913130511650919630e-01
3.863407978064969939e-01
3.814291596009873331e-01
3.765773692901692726e-01
3.717846702882194876e-01
3.670503165101415277e-01
3.623735722030847484e-01
3.577537117809708178e-01
3.531900196620156862e-01
3.486817901094045880e-01
3.442283270748287549e-01
3.398289440449140386e-01
3.354829638905538758e-01
3.311897187188854730e-01
3.269485497280886221e-01
3.227588070648135243e-01
3.186198496841523564e-01
3.145310452122682676e-01
3.104917698114508795e-01
3.065014080475982894e-01
3.025593527602268296e-01
2.986650049346248892e-01
2.948177735765629137e-01
2.910170755890266747e-01
2.872623356513006598e-01
2.835529861001884200e-01
2.798884668133432285e-01
2.762682250946699725e-01
2.726917155618036048e-01
2.691584000355629058e-01
2.656677474313617893e-01
2.622192336525301926e-01
2.588123414855321158e-01
2.554465604970648229e-01
2.521213869328438051e-01
2.488363236183044336e-01
2.455908798609538479e-01
2.423845713544352520e-01
2.392169200842690913e-01
2.360874542352320304e-01
2.329957081003364294e-01
2.299412219913579136e-01
2.269235421509590012e-01
2.239422206662222692e-01
2.209968153837991167e-01
2.180868898263783606e-01
2.152120131106727285e-01
2.123717598667420603e-01
2.095657101586860804e-01
2.067934494067413809e-01
2.040545683105925434e-01
2.013486627740821433e-01
1.986753338310665029e-01
1.960341875726205885e-01
1.934248350753993151e-01
1.908468923311801291e-01
1.882999801776241711e-01
1.857837242301272340e-01
1.832977548148511104e-01
1.808417069028216417e-01
1.784152200451005754e-01
1.760179383090658689e-01
1.736495102156778714e-01
1.713095886777962207e-01
1.689978309394977174e-01
1.667138985163694187e-01
1.644574571367654059e-01
1.622281766840254491e-01
1.600257311395960613e-01
1.578497985270841397e-01
1.557000608571792455e-01
1.535762040734898193e-01
1.514779179992027380e-01
1.494048962846017403e-01
1.473568363554287330e-01
1.453334393620417941e-01
1.433344101293592132e-01
1.413594571076126627e-01
1.394082923238650906e-01
1.374806313342578079e-01
1.355761931770418371e-01
1.336947003262896061e-01
1.318358786463527110e-01
1.299994573470177883e-01
1.281851689393205262e-01
1.263927491920835422e-01
1.246219370890786493e-01
1.228724747868543687e-01
1.211441075731993777e-01
1.194365838262561041e-01
1.177496549742107490e-01
1.160830754556076982e-01
1.144366026802892122e-01
1.128099969908706868e-01
1.112030216248074410e-01
1.096154426770361567e-01
1.080470290631785346e-01
1.064975524832454390e-01
1.049667873859125855e-01
1.034545109333269153e-01
1.019605029663988027e-01
1.004845459706120714e-01
9.902642504235803500e-02
9.758592785570163741e-02
9.616284462971469438e-02
9.475696809617017990e-02
9.336809346781693719e-02
9.199601840702120725e-02
9.064054299490287292e-02
8.930146970090424574e-02
8.797860335277318811e-02
8.667175110701785812e-02
8.538072241971716991e-02
8.410532901780420900e-02
8.284538487070491897e-02
8.160070616242265373e-02
8.037111126396156990e-02
7.915642070616968340e-02
7.795645715297538914e-02
7.677104537493750769e-02
7.560001222321455217e-02
7.444318660388971054e-02
7.330039945260846679e-02
7.217148370961368187e-02
7.105627429510130710e-02
6.995460808490072679e-02
6.886632388651259262e-02
6.779126241545885279e-02
6.672926627194275540e-02
6.568017991785524146e-02
6.464384965405978178e-02
6.362012359799606998e-02
6.260885166160568005e-02
6.160988552950152908e-02
6.062307863747973258e-02
5.964828615129746936e-02
5.868536494572751394e-02
5.773417358390231513e-02
5.679457229692674858e-02
5.586642296374577654e-02
5.494958909131808511e-02
5.404393579499444655e-02
5.314932977919495372e-02
5.226563931832739485e-02
5.139273423794721296e-02
5.053048589616926378e-02
4.967876716532559911e-02
4.883745241384795932e-02
4.800641748838474498e-02
4.718553969618355381e-02
4.637469778763181338e-02
4.557377193909806223e-02
4.478264373593687786e-02
4.400119615573228060e-02
4.322931355176828916e-02
4.246688163667600158e-02
4.171378746631893009e-02
4.096991942387395724e-02
4.023516720409858749e-02
3.950942179782646058e-02
3.879257547662673389e-02
3.808452177767907010e-02
3.738515548882181960e-02
3.669437263381203351e-02
3.601207045773380244e-02
3.533814741262397696e-02
3.467250314324954452e-02
3.401503847308018358e-02
3.336565539043379047e-02
3.272425703477321868e-02
3.209074768319508664e-02
3.146503273708822768e-02
3.084701870892336828e-02
3.023661320924420082e-02
2.963372493379679007e-02
2.903826365082284866e-02
2.845014018850089421e-02
2.786926642255993514e-02
2.729555526401505894e-02
2.672892064708087823e-02
2.616927751721309647e-02
2.561654181930528296e-02
2.507063048602620192e-02
2.453146142628837012e-02
2.399895351387404396e-02
2.347302657618799415e-02
2.295360138314128662e-02
2.244059963617739406e-02
2.193394395742842562e-02
2.143355787899769993e-02
2.093936583237732130e-02
2.045129313797877657e-02
1.996926599480719489e-02
1.949321147024418721e-02
1.902305748996191426e-02
1.855873282794662238e-02
1.810016709665274171e-02
1.764729073726578612e-02
1.720003501007982827e-02
1.675833198500176202e-02
1.632211453214749142e-02
1.589131631256401889e-02
1.546587176905966921e-02
1.504571611713578783e-02
1.463078533603323628e-02
1.422101615987458878e-02
1.381634606891934958e-02
1.341671328092064464e-02
1.302205674257628232e-02
1.263231612108650648e-02
1.224743179581111452e-02
1.186734485001850192e-02
1.149199706273429378e-02
1.112133090068989638e-02
1.075528951035364944e-02
1.039381671006811558e-02
1.003685698226541856e-02
9.684355465785055017e-03
9.336257948273418705e-03
8.992510858674029883e-03
8.653061259805028271e-03
8.317856841026372017e-03
7.986845910981088537e-03
7.659977390431116362e-03
7.337200805176191665e-03
7.018466279043233946e-03
6.703724526972876241e-03
6.392926848170721321e-03
6.086025119346749612e-03
5.782971788033441918e-03
5.483719865972180862e-03
5.188222922583918262e-03
4.896435078513450279e-03
4.608310999246301165e-03
4.323805888797216390e-03
4.042875483480923293e-03
3.765476045735627331e-03
3.491564358039100924e-03
3.221097716882503903e-03
2.954033926809263022e-03
2.690331294534886730e-03
2.429948623126509943e-03
2.172845206245499483e-03
1.918980822469107395e-03
1.668315729660529989e-03
1.420810659414017962e-03
1.176426811565045583e-03
9.351258487534375163e-04
6.968698910585491291e-04
4.616215106907350929e-04
2.293437267409936808e-04
0.000000000000000000e+00
0.000000000000000000e+00
0.000000000000000000e+00
0.000000000000000000e+00
0.000000000000000000e+00
0.000000000000000000e+00
-1.783157697177222478e-06
-1.782947356094014468e-06
-1.778299913414025030e-06
-1.739606666075717626e-06
-1.550204229429697259e-06
-8.842615203146341070e-07
9.855639427967083886e-07
5.448139794199700426e-06
1.486798059626673503e-05
3.293188237311461125e-05
6.500191163547920647e-05
1.184473312982364974e-04
2.029295629222896413e-04
3.306178956762727966e-04
5.163186513989816151e-04
7.775062517145214791e-04
1.134250554619603557e-03
1.609040496848283819e-03
2.226509173679031006e-03
3.013069796743733653e-03
3.996475373915925333e-03
5.205317412232901564e-03
6.668480474732618735e-03
8.414570089849415790e-03
1.047133141338008055e-02
1.286507529265357164e-02
1.562012710390348058e-02
1.875831205150590986e-02
2.229848865120964696e-02
2.625613997908649022e-02
3.064303005186730378e-02
3.546693049716176382e-02
4.073142054396261535e-02
4.643576137080551725e-02
5.257484403329693023e-02
5.913920858421883864e-02
6.611513061674623160e-02
7.348477031294997630e-02
8.122637816643107911e-02
8.931455086279882494e-02
9.772053033337746442e-02
1.064125387293657354e-01
1.153561419775237518e-01
1.245146346525718428e-01
1.338494391148996598e-01
1.433205121920844149e-01
1.528867531080413400e-01
1.625064068629997749e-01
1.721374578221395168e-01
1.817380088616422640e-01
1.912666420332573836e-01
2.006827573261782405e-01
2.099468867176081943e-01
2.190209812977412795e-01
2.278686698251854992e-01
2.364554876048403642e-01
2.447490750793663850e-01
2.527193459811503118e-01
2.603386253037260900e-01
2.675817577163606131e-01
2.744261873641651306e-01
2.808520102683189634e-01
2.868420007679475248e-01
2.923816136291925716e-01
2.974589635900457552e-01
3.020647842141634953e-01
3.061923679961520151e-01
3.098374896985820470e-01
3.129983149090005412e-01
3.156752957880364363e-01
3.178710559402730951e-01
3.195902662804854799e-01
3.208395136927606472e-01
3.216271641915078305e-01
3.219632221946273631e-01
3.218591874111726980e-01
3.213279107336042273e-01
3.203834504073039824e-01
3.190409296315426246e-01
3.173163966273548908e-01
3.152266880899645685e-01
3.127892968278978003e-01
3.100222442803133305e-01
3.069439584955944156e-01
3.035731580532896601e-01
2.999287423146927978e-01
2.960296882970396837e-01
2.918949543831104165e-01
2.875433910001827797e-01
2.829936583324119681e-01
2.782641510664447537e-01
2.733729301132701295e-01
2.683376611981707072e-01
2.631755601662248978e-01
2.579033448124050665e-01
2.525371930119284514e-01
2.470927068996582321e-01
2.415848828238296164e-01
2.360280867830084617e-01
2.304360350400260771e-01
2.248217795985771872e-01
2.191976982210759317e-01
2.135754886647225348e-01
2.079661668122101403e-01
2.023800683766863173e-01
1.968268538658604072e-01
1.913155164970357092e-01
1.858543927635833981e-01
1.804511753639239657e-01
1.751129282151273614e-01
1.698461032858418207e-01
1.646565589962447618e-01
1.595495799463408915e-01
1.545298977478415381e-01
1.496017127494857490e-01
1.447687164591631159e-01
1.400341144813719296e-01
1.354006498018245352e-01
1.308706262653167585e-01
1.264459321061535135e-01
1.221280634038137691e-01
1.179181473487402876e-01
1.138169652155958111e-01
1.098249749527022701e-01
1.059423333073823414e-01
1.021689174173205927e-01
9.850434580785361049e-02
9.494799874422987784e-02
9.149903789651592234e-02
8.815642528268963218e-02
8.491894146283307521e-02
8.178520296419966584e-02
7.875367892299989236e-02
7.582270693452386467e-02
7.299050810821228197e-02
7.025520132907603355e-02
6.761481673080949051e-02
6.506730838977059506e-02
6.261056625219074689e-02
6.024242730973750071e-02
5.796068604116233480e-02
5.576310413970508861e-02
5.364741954780560818e-02
5.161135482206380409e-02
4.965262485258103986e-02
4.776894396176611934e-02
4.595803240829066105e-02
4.421762232243708901e-02
4.254546309925366643e-02
4.093932627611995834e-02
3.939700992115602318e-02
3.791634255879516857e-02
3.649518665848816568e-02
3.513144171199855670e-02
3.382304692435234017e-02
3.256798354279388796e-02
3.136427684744202971e-02
3.020999782666167199e-02
2.910326455929856948e-02
2.804224332522298191e-02
2.702514946466516577e-02
2.605024800605992841e-02
2.511585408119387797e-02
2.422033314559368655e-02
2.336210102118108090e-02
2.253962377738116807e-02
2.175141746599307258e-02
2.099604772424490395e-02
2.027212925967314394e-02
1.957832522960512023e-02
1.891334652723997145e-02
1.827595098554790631e-02
1.766494250947403533e-02
1.707917014618220986e-02
1.651752710240506072e-02
1.597894971729241220e-02
1.546241639851037020e-02
1.496694652873964415e-02
1.449159934913885062e-02
1.403547282580003275e-02
1.359770250467656760e-02
1.317746036001432586e-02
1.277395364079586537e-02
1.238642371932668906e-02
1.201414494564256863e-02
1.165642351104301255e-02
1.131259632369857604e-02
1.098202989894647708e-02
1.066411926656246623e-02
1.035828689701545624e-02
1.006398164844446441e-02
9.780677735836906805e-03
9.507873723665183352e-03
9.245091543022609937e-03
8.991875534110183033e-03
8.747791514742420116e-03
8.512425875371210093e-03
8.285384701002762586e-03
8.066292920216600049e-03
7.854793481398891775e-03
7.650546556182025171e-03
7.453228769986469660e-03
7.262532459472337276e-03
7.078164956637739147e-03
6.899847899215771907e-03
6.727316566986968338e-03
6.560319243546441914e-03
6.398616603037698969e-03
6.241981121318435077e-03
6.090196510994211332e-03
5.943057179729399619e-03
5.800367711220055789e-03
5.661942368201167142e-03
5.527604616847231478e-03
5.397186671910109146e-03
5.270529061941725546e-03
5.147480213942762228e-03
5.027896056774866507e-03
4.911639642686649321e-03
4.798580786298384249e-03
4.688595720404586942e-03
4.581566767960842945e-03
4.477382029627718918e-03
4.375935086264798324e-03
4.277124715766994489e-03
4.180854623665464231e-03
4.087033186914473815e-03
3.995573210311520462e-03
3.906391695007532805e-03
3.819409618579572285e-03
3.734551726159704432e-03
3.651746332124769512e-03
3.570925131870530955e-03
3.492023023206836108e-03
3.414977936935931213e-03
3.339730676176141944e-03
3.266224764027825245e-03
3.194406299178040309e-03
3.124223819067656338e-03
3.055628170252677744e-03
2.988572385609428173e-03
2.923011568047126363e-03
2.858902780406943900e-03
2.796204941238042418e-03
2.734878726155867690e-03
2.674886474502591316e-03
2.616192101038750106e-03
2.558761012408428126e-03
2.502560028136965875e-03
2.447557305923137028e-03
2.393722271005080393e-03
2.341025549387101834e-03
2.289438904727561508e-03
2.238935178691045524e-03
2.189488234586547954e-03
2.141072904115901010e-03
2.093664937065919940e-03
2.047240953789913886e-03
2.001778400326392759e-03
1.957255506014929369e-03
1.913651243476158226e-03
1.870945290824252427e-03
1.829117995994868073e-03
1.788150343070921133e-03
1.748023920499316985e-03
1.708720891094001049e-03
1.670223963727554550e-03
1.632516366619922443e-03
1.595581822135552774e-03
1.559404523004633003e-03
1.523969109892185647e-03
1.489260650238161121e-03
1.455264618299263735e-03
1.421966876324773366e-03
1.389353656803524184e-03
1.357411545722442270e-03
1.326127466779257469e-03
1.295488666495987762e-03
1.265482700183159781e-03
1.236097418706061379e-03
1.207320956007278123e-03
1.179141717343568097e-03
1.151548368196468608e-03
1.124529823816833307e-03
1.098075239368348499e-03
1.072174000635930935e-03
1.046815715264583224e-03
1.021990204500958233e-03
9.976874954054706923e-04
9.738978135102605016e-04
9.506115758951272365e-04
9.278193846582946658e-04
9.055120207580695524e-04
8.836804382033325300e-04
8.623157585732864339e-04
8.414092658456974461e-04
8.209524015154803789e-04
8.009367599875437393e-04
7.813540842246564921e-04
7.621962616374440558e-04
7.434553202010432682e-04
7.251234247828107493e-04
7.071928736714153119e-04
6.896560952911294506e-04
6.725056450930487484e-04
6.557342026095140664e-04
6.393345686631496383e-04
6.232996627203550577e-04
6.076225203786936313e-04
5.922962909816406607e-04
5.773142353510188340e-04
5.626697236291340609e-04
5.483562332250294102e-04
5.343673468557359751e-04
5.206967506782601840e-04
5.073382325042861962e-04
4.942856800933537187e-04
4.815330795185073648e-04
4.690745135989202175e-04
4.569041603960620479e-04
4.450162917673493312e-04
4.334052719743505810e-04
4.220655563411512129e-04
4.109916899589453193e-04
4.001783064339261425e-04
3.896201266751324332e-04
3.793119577187864522e-04
3.692486915869187813e-04
3.594253041772736690e-04
3.498368541824878331e-04
3.404784820353369545e-04
3.313454088791616819e-04
3.224329355605987102e-04
3.137364416430019065e-04
3.052513844390807030e-04
2.969732980609967460e-04
2.888977924863488783e-04
2.810205526391704178e-04
2.733373374838865555e-04
2.658439791322318724e-04
2.585363819607947727e-04
2.514105217393310804e-04
2.444624447684798363e-04
2.376882670258066363e-04
2.310841733202785922e-04
2.246464164535957875e-04
2.183713163884156566e-04
2.122552594228223691e-04
2.062946973702961539e-04
2.004861467450316445e-04
1.948261879522756451e-04
1.893114644831135965e-04
1.839386821135815739e-04
1.787046081078592225e-04
1.736060704253892389e-04
1.686399569315270158e-04
1.638032146118262658e-04
1.590928487898452676e-04
1.545059223481129104e-04
1.500395549525364303e-04
1.456909222800409354e-04
1.414572552494181706e-04
1.373358392554938079e-04
1.333240134063903501e-04
1.294191697644728536e-04
1.256187525901968430e-04
1.219202575896225632e-04
1.183212311655855963e-04
1.148192696719951833e-04
1.114120186723409865e-04
1.080971722015509028e-04
1.048724720319645087e-04
1.017357069432733851e-04
9.868471199651939266e-05
9.571736781236470440e-05
9.283159985375806153e-05
9.002537771302934408e-05
8.729671440364447643e-05
8.464366565670566889e-05
8.206432922228589985e-05
7.955684417583052531e-05
7.711939022963425552e-05
7.475018704961684454e-05
7.244749357741874299e-05
7.020960735812159167e-05
6.803486387341271119e-05
6.592163588069145305e-05
6.386833275783768832e-05
6.187339985411991622e-05
5.993531784700576945e-05
5.805260210530209172e-05
5.622380205841468609e-05
5.444750057212498565e-05
5.272231333066290312e-05
5.104688822547180996e-05
4.941990475047699366e-05
4.784007340408636018e-05
4.630613509800144377e-05
4.481686057278408061e-05
4.337104982036241001e-05
4.196753151350851238e-05
4.060516244224366550e-05
3.928282695737765097e-05
3.799943642106761929e-05
3.675392866455979429e-05
3.554526745304029123e-05
3.437244195774380104e-05
3.323446623517420720e-05
3.213037871367327436e-05
3.105924168711493051e-05
3.002014081596366714e-05
2.901218463549387790e-05
2.803450407135922064e-05
2.708625196232790529e-05
2.616660259037147454e-05
2.527475121788871903e-05
2.440991363224427092e-05
2.357132569744645190e-05
2.275824291306661595e-05
2.196993998026023319e-05
2.120571037497851093e-05
2.046486592822375095e-05
1.974673641341642260e-05
1.905066914074536513e-05
1.837602855853635603e-05
1.772219586153994924e-05
1.708856860612568106e-05
1.647456033230794252e-05
1.587960019258703812e-05
1.530313258750167285e-05
1.474461680789644537e-05
1.420352668378497673e-05
1.367935023980986712e-05
1.317158935717322550e-05
1.267975944204568660e-05
1.220338910030928283e-05
1.174201981865531305e-05
1.129520565187463197e-05
1.086251291636096015e-05
1.044351988968420832e-05
1.003781651621598074e-05
9.645004118685935636e-06
9.264695115648294201e-06
8.896512744728665104e-06
8.540090791616489988e-06
8.195073324720114280e-06
7.861114435378556767e-06
7.537877983593711372e-06
7.225037349180361401e-06
6.922275188254913697e-06
6.629283195005390011e-06
6.345761868635393758e-06
6.071420285421065804e-06
5.805975875812697433e-06
5.549154206460410119e-06
5.300688767141296465e-06
5.060320762460845424e-06
4.827798908272652734e-06
4.602879232746783693e-06
4.385324881974519149e-06
4.174905930076606249e-06
3.971399193693095440e-06
3.774588050814268753e-06
3.584262263845675728e-06
3.400217806859653392e-06
3.222256696926048504e-06
3.050186829474681085e-06
2.883821817601241004e-06
2.722980835239124237e-06
2.567488464131262218e-06
2.417174544529465370e-06
2.271874029538068288e-06
2.131426843047341205e-06
1.995677741165933594e-06
1.864476177099779614e-06
1.737676169401367997e-06
1.615136173510988544e-06
1.496718956544350961e-06
1.382291475235245589e-06
1.271724756986056097e-06
1.164893783949078033e-06
1.061677380079323828e-06
9.619581010965810386e-07
8.656221272869689702e-07
7.725591590934834238e-07
6.826623154200961874e-07
5.958280346066239510e-07
5.119559779967513191e-07
4.309489360571815359e-07
3.527127369814262239e-07
2.771561577224925920e-07
2.041908374034835053e-07
1.337311930468723219e-07
6.569433757085124800e-08
0.000000000000000000e+00
0.000000000000000000e+00
0.000000000000000000e+00
0.000000000000000000e+00
0.000000000000000000e+00
