# Spatial-averaged data for fix AveDz and group all
# Timestep Number-of-bins
# Bin Coord Ncount c_MyDisp[3]
200 1
  1 1442.5 8000 2.34124e-16
400 1
  1 1442.5 8000 -0.000707611
600 1
  1 1442.5 8000 -0.00141522
800 1
  1 1442.5 8000 -0.00212283
1000 1
  1 1442.5 8000 -0.00283045
1200 1
  1 1442.5 8000 -0.00353806
1400 1
  1 1442.5 8000 -0.00424567
1600 1
  1 1442.5 8000 -0.00495328
1800 1
  1 1442.5 8000 -0.00566089
2000 1
  1 1442.5 8000 -0.0063685
2200 1
  1 1442.5 8000 -0.00707611
2400 1
  1 1442.5 8000 -0.00778373
2600 1
  1 1442.5 8000 -0.00849134
2800 1
  1 1442.5 8000 -0.00919895
3000 1
  1 1442.5 8000 -0.00990656
3200 1
  1 1442.5 8000 -0.0106142
3400 1
  1 1442.5 8000 -0.0113218
3600 1
  1 1442.5 8000 -0.0120294
3800 1
  1 1442.5 8000 -0.012737
4000 1
  1 1442.5 8000 -0.0134446
4200 2
  1 -1442.5 25.87 -2.23707
  2 1442.5 7974.13 -0.00694054
4400 2
  1 -1442.5 24.27 -2.3524
  2 1442.5 7975.73 -0.00774673
4600 2
  1 -1442.5 16.36 -2.4646
  2 1442.5 7983.64 -0.0105489
4800 2
  1 -1442.5 20.47 -2.58216
  2 1442.5 7979.53 -0.00969277
5000 2
  1 -1442.5 27.49 -2.68699
  2 1442.5 7972.51 -0.00777622
5200 2
  1 -1442.5 32.18 -2.79172
  2 1442.5 7967.82 -0.0064867
5400 2
  1 -1442.5 34.97 -2.90244
  2 1442.5 7965.03 -0.00573568
5600 2
  1 -1442.5 30.02 -3.0129
  2 1442.5 7969.98 -0.00782898
5800 2
  1 -1442.5 23.31 -3.14478
  2 1442.5 7976.69 -0.0106811
6000 2
  1 -1442.5 20.17 -3.25611
  2 1442.5 7979.83 -0.0123424
6200 2
  1 -1442.5 16.9 -3.37406
  2 1442.5 7983.1 -0.0141305
6400 2
  1 -1442.5 21.39 -3.4848
  2 1442.5 7978.61 -0.0126523
6600 2
  1 -1442.5 45.89 -3.59943
  2 1442.5 7954.11 -0.00200787
6800 2
  1 -1442.5 71.05 -3.68597
  2 1442.5 7928.95 0.00946893
7000 2
  1 -1442.5 86.04 -3.78729
  2 1442.5 7913.96 0.0168548
7200 2
  1 -1442.5 74.99 -3.91975
  2 1442.5 7925.01 0.0120897
7400 2
  1 -1442.5 73.75 -4.03283
  2 1442.5 7926.25 0.0118125
7600 2
  1 -1442.5 72.62 -4.15537
  2 1442.5 7927.38 0.0116444
7800 2
  1 -1442.5 71.71 -4.26855
  2 1442.5 7928.29 0.0114758
8000 2
  1 -1442.5 73.08 -4.36916
  2 1442.5 7926.92 0.012429
8200 2
  1 -1442.5 73.58 -4.48972
  2 1442.5 7926.42 0.0131104
8400 2
  1 -1442.5 82.83 -4.56947
  2 1442.5 7917.17 0.0184905
8600 2
  1 -1442.5 83.98 -4.69227
  2 1442.5 7916.02 0.0197447
8800 2
  1 -1442.5 83.97 -4.79554
  2 1442.5 7916.03 0.0201191
9000 2
  1 -1442.5 82.27 -4.90983
  2 1442.5 7917.73 0.0195577
9200 2
  1 -1442.5 85.4 -5.05107
  2 1442.5 7914.6 0.0223159
9400 2
  1 -1442.5 120.47 -5.13255
  2 1442.5 7879.53 0.0454237
9600 2
  1 -1442.5 120.32 -5.24841
  2 1442.5 7879.68 0.0463759
9800 2
  1 -1442.5 115.47 -5.3729
  2 1442.5 7884.53 0.0442241
10000 2
  1 -1442.5 113.46 -5.49449
  2 1442.5 7886.54 0.0438749
10200 2
  1 -1442.5 125.22 -5.5669
  2 1442.5 7874.78 0.0525784
10400 2
  1 -1442.5 134.7 -5.66875
  2 1442.5 7865.3 0.060376
10600 2
  1 -1442.5 140.74 -5.77238
  2 1442.5 7859.26 0.0659144
10800 2
  1 -1442.5 136.28 -5.86807
  2 1442.5 7863.72 0.0635416
11000 2
  1 -1442.5 131.76 -6.00269
  2 1442.5 7868.24 0.0616689
11200 2
  1 -1442.5 123.26 -6.13367
  2 1442.5 7876.74 0.0564557
11400 2
  1 -1442.5 126.01 -6.2452
  2 1442.5 7873.99 0.0596836
11600 2
  1 -1442.5 122.93 -6.35075
  2 1442.5 7877.07 0.0581468
11800 2
  1 -1442.5 122.6 -6.47597
  2 1442.5 7877.4 0.0591086
12000 2
  1 -1442.5 151.03 -6.56307
  2 1442.5 7848.97 0.0837342
12200 2
  1 -1442.5 157.78 -6.68572
  2 1442.5 7842.22 0.0912011
12400 2
  1 -1442.5 167.25 -6.77424
  2 1442.5 7832.75 0.100562
12600 2
  1 -1442.5 174.15 -6.87105
  2 1442.5 7825.85 0.108055
12800 2
  1 -1442.5 167.87 -6.99488
  2 1442.5 7832.13 0.10439
13000 2
  1 -1442.5 175.77 -7.09189
  2 1442.5 7824.23 0.113014
13200 2
  1 -1442.5 176.91 -7.19107
  2 1442.5 7823.09 0.115583
13400 2
  1 -1442.5 186.47 -7.28262
  2 1442.5 7813.53 0.125983
13600 2
  1 -1442.5 182.82 -7.40583
  2 1442.5 7817.18 0.124681
13800 2
  1 -1442.5 180.49 -7.50369
  2 1442.5 7819.51 0.123972
14000 2
  1 -1442.5 167.9 -7.66674
  2 1442.5 7832.1 0.114483
14200 2
  1 -1442.5 168.91 -7.82284
  2 1442.5 7831.09 0.118131
14400 2
  1 -1442.5 195.62 -8.35188
  2 1442.5 7804.38 0.157843
14600 2
  1 -1442.5 202.79 -8.8656
  2 1442.5 7797.21 0.178304
14800 2
  1 -1442.5 207.27 -9.48382
  2 1442.5 7792.73 0.19922
15000 2
  1 -1442.5 210.83 -10.4093
  2 1442.5 7789.17 0.227967
15200 2
  1 -1442.5 212.32 -10.9727
  2 1442.5 7787.68 0.244638
15400 2
  1 -1442.5 208.99 -11.2828
  2 1442.5 7791.01 0.247435
15600 2
  1 -1442.5 213.62 -11.8035
  2 1442.5 7786.38 0.267848
15800 2
  1 -1442.5 213.75 -12.0604
  2 1442.5 7786.25 0.274377
16000 2
  1 -1442.5 217.55 -12.0199
  2 1442.5 7782.45 0.27854
16200 2
  1 -1442.5 218.2 -11.8575
  2 1442.5 7781.8 0.274285
16400 2
  1 -1442.5 225.1 -11.6762
  2 1442.5 7774.9 0.279074
16600 2
  1 -1442.5 233.93 -11.8265
  2 1442.5 7766.07 0.296468
16800 2
  1 -1442.5 227.38 -12.0424
  2 1442.5 7772.62 0.291837
17000 2
  1 -1442.5 233.42 -12.063
  2 1442.5 7766.58 0.301322
17200 2
  1 -1442.5 238.66 -12.3623
  2 1442.5 7761.34 0.318142
17400 2
  1 -1442.5 234.59 -12.7643
  2 1442.5 7765.41 0.322911
17600 2
  1 -1442.5 234.67 -12.9003
  2 1442.5 7765.33 0.326427
17800 2
  1 -1442.5 234 -13.0804
  2 1442.5 7766 0.329983
18000 2
  1 -1442.5 237.45 -13.3379
  2 1442.5 7762.55 0.343093
18200 2
  1 -1442.5 239.54 -13.5938
  2 1442.5 7760.46 0.353946
18400 2
  1 -1442.5 227.26 -13.7678
  2 1442.5 7772.74 0.336268
18600 2
  1 -1442.5 228.29 -13.8568
  2 1442.5 7771.71 0.340024
18800 2
  1 -1442.5 220.06 -14.0383
  2 1442.5 7779.94 0.329413
19000 2
  1 -1442.5 224.72 -13.9568
  2 1442.5 7775.28 0.334941
19200 2
  1 -1442.5 233.21 -13.6936
  2 1442.5 7766.79 0.34193
19400 2
  1 -1442.5 233.88 -13.6238
  2 1442.5 7766.12 0.340309
19600 2
  1 -1442.5 234.18 -14.0281
  2 1442.5 7765.82 0.352311
19800 2
  1 -1442.5 242.15 -14.3042
  2 1442.5 7757.85 0.374974
20000 2
  1 -1442.5 238 -14.486
  2 1442.5 7762 0.371972
20200 2
  1 -1442.5 235.99 -14.647
  2 1442.5 7764.01 0.372289
20400 2
  1 -1442.5 239.57 -14.758
  2 1442.5 7760.43 0.381916
20600 2
  1 -1442.5 236.38 -14.8558
  2 1442.5 7763.62 0.377944
20800 2
  1 -1442.5 236.98 -14.652
  2 1442.5 7763.02 0.372168
21000 2
  1 -1442.5 239.15 -14.6664
  2 1442.5 7760.85 0.376084
21200 2
  1 -1442.5 242.66 -14.8013
  2 1442.5 7757.34 0.386382
21400 2
  1 -1442.5 249.06 -14.7132
  2 1442.5 7750.94 0.39536
21600 2
  1 -1442.5 250.57 -14.6454
  2 1442.5 7749.43 0.395382
21800 2
  1 -1442.5 256.73 -14.7286
  2 1442.5 7743.27 0.409375
22000 2
  1 -1442.5 255.06 -14.9139
  2 1442.5 7744.94 0.411481
22200 2
  1 -1442.5 263.38 -15.2136
  2 1442.5 7736.62 0.437432
22400 2
  1 -1442.5 261.64 -15.3276
  2 1442.5 7738.36 0.437037
22600 2
  1 -1442.5 261.68 -15.3355
  2 1442.5 7738.32 0.436654
22800 2
  1 -1442.5 268.19 -15.3609
  2 1442.5 7731.81 0.450085
23000 2
  1 -1442.5 270.19 -15.2548
  2 1442.5 7729.81 0.449734
23200 2
  1 -1442.5 268.64 -15.3575
  2 1442.5 7731.36 0.449422
23400 2
  1 -1442.5 272.91 -15.3788
  2 1442.5 7727.09 0.458176
23600 2
  1 -1442.5 273.5 -15.4213
  2 1442.5 7726.5 0.460157
23800 2
  1 -1442.5 274.56 -15.4993
  2 1442.5 7725.44 0.464375
24000 2
  1 -1442.5 280.25 -15.6077
  2 1442.5 7719.75 0.479342
24200 2
  1 -1442.5 275.48 -15.5773
  2 1442.5 7724.52 0.467591
24400 2
  1 -1442.5 287.09 -15.7648
  2 1442.5 7712.91 0.497991
24600 2
  1 -1442.5 287.2 -16.062
  2 1442.5 7712.8 0.508556
24800 2
  1 -1442.5 290.03 -16.3341
  2 1442.5 7709.97 0.524139
25000 2
  1 -1442.5 293.11 -16.7174
  2 1442.5 7706.89 0.544717
25200 2
  1 -1442.5 295.79 -16.7634
  2 1442.5 7704.21 0.551754
25400 2
  1 -1442.5 296.26 -16.579
  2 1442.5 7703.74 0.544986
25600 2
  1 -1442.5 303.91 -16.416
  2 1442.5 7696.09 0.554832
25800 2
  1 -1442.5 301.27 -16.4577
  2 1442.5 7698.73 0.549911
26000 2
  1 -1442.5 297.1 -16.7408
  2 1442.5 7702.9 0.550889
26200 2
  1 -1442.5 312.35 -17.0609
  2 1442.5 7687.65 0.597458
26400 2
  1 -1442.5 312.04 -17.2223
  2 1442.5 7687.96 0.602562
26600 2
  1 -1442.5 321.77 -17.2244
  2 1442.5 7678.23 0.624502
26800 2
  1 -1442.5 333.36 -17.1652
  2 1442.5 7666.64 0.64817
27000 2
  1 -1442.5 328.67 -16.9767
  2 1442.5 7671.33 0.628466
27200 2
  1 -1442.5 330.89 -17.0621
  2 1442.5 7669.11 0.636509
27400 2
  1 -1442.5 347.11 -17.1349
  2 1442.5 7652.89 0.676583
27600 2
  1 -1442.5 348.96 -17.3888
  2 1442.5 7651.04 0.691729
27800 2
  1 -1442.5 345.76 -17.5338
  2 1442.5 7654.24 0.689982
28000 2
  1 -1442.5 342.13 -17.5872
  2 1442.5 7657.87 0.682988
28200 2
  1 -1442.5 341.37 -17.667
  2 1442.5 7658.63 0.683996
28400 2
  1 -1442.5 338.27 -17.8151
  2 1442.5 7661.73 0.682368
28600 2
  1 -1442.5 346.55 -17.9135
  2 1442.5 7653.45 0.706098
28800 2
  1 -1442.5 346.97 -17.8997
  2 1442.5 7653.03 0.705754
29000 2
  1 -1442.5 345.02 -17.9618
  2 1442.5 7654.98 0.703073
29200 2
  1 -1442.5 350.76 -17.9707
  2 1442.5 7649.24 0.716746
29400 2
  1 -1442.5 349.89 -18.0795
  2 1442.5 7650.11 0.718859
29600 2
  1 -1442.5 356.03 -18.1593
  2 1442.5 7643.97 0.736936
29800 2
  1 -1442.5 357.31 -18.3208
  2 1442.5 7642.69 0.746909
30000 2
  1 -1442.5 357.43 -18.5451
  2 1442.5 7642.57 0.756956
30200 2
  1 -1442.5 365.97 -18.6403
  2 1442.5 7634.03 0.782375
30400 2
  1 -1442.5 366.94 -18.5826
  2 1442.5 7633.06 0.781325
30600 2
  1 -1442.5 367.11 -18.799
  2 1442.5 7632.89 0.791422
30800 2
  1 -1442.5 376.96 -19.1169
  2 1442.5 7623.04 0.831713
31000 2
  1 -1442.5 373.86 -19.2984
  2 1442.5 7626.14 0.831761
31200 2
  1 -1442.5 373.29 -19.3514
  2 1442.5 7626.71 0.832109
31400 2
  1 -1442.5 384.94 -19.381
  2 1442.5 7615.06 0.86374
31600 2
  1 -1442.5 382.18 -19.2945
  2 1442.5 7617.82 0.851319
31800 2
  1 -1442.5 380.59 -19.3043
  2 1442.5 7619.41 0.846866
32000 2
  1 -1442.5 383.57 -19.4313
  2 1442.5 7616.43 0.8604
32200 2
  1 -1442.5 389.72 -19.5811
  2 1442.5 7610.28 0.883724
32400 2
  1 -1442.5 392.7 -19.8672
  2 1442.5 7607.3 0.905766
32600 2
  1 -1442.5 393.7 -19.9387
  2 1442.5 7606.3 0.911457
32800 2
  1 -1442.5 396.25 -19.9151
  2 1442.5 7603.75 0.916471
33000 2
  1 -1442.5 403.77 -20.0579
  2 1442.5 7596.23 0.943938
33200 2
  1 -1442.5 396.65 -20.1548
  2 1442.5 7603.35 0.928585
33400 2
  1 -1442.5 389.26 -20.3127
  2 1442.5 7610.74 0.915444
33600 2
  1 -1442.5 414.05 -20.372
  2 1442.5 7585.95 0.987309
33800 2
  1 -1442.5 435.95 -20.3375
  2 1442.5 7564.05 1.04641
34000 2
  1 -1442.5 435.28 -20.5207
  2 1442.5 7564.72 1.05431
34200 2
  1 -1442.5 427.22 -20.8419
  2 1442.5 7572.78 1.04872
34400 2
  1 -1442.5 422.26 -21.0057
  2 1442.5 7577.74 1.04277
34600 2
  1 -1442.5 410.99 -21.2492
  2 1442.5 7589.01 1.02247
34800 2
  1 -1442.5 414.98 -21.2924
  2 1442.5 7585.02 1.0358
35000 2
  1 -1442.5 433.36 -21.1572
  2 1442.5 7566.64 1.08155
35200 2
  1 -1442.5 442.16 -21.1022
  2 1442.5 7557.84 1.10347
35400 2
  1 -1442.5 444.11 -21.0935
  2 1442.5 7555.89 1.10794
35600 2
  1 -1442.5 448.77 -21.1052
  2 1442.5 7551.23 1.12159
35800 2
  1 -1442.5 449.45 -21.0588
  2 1442.5 7550.55 1.12008
36000 2
  1 -1442.5 445.72 -21.3982
  2 1442.5 7554.28 1.12841
36200 2
  1 -1442.5 435.97 -21.6847
  2 1442.5 7564.03 1.11514
36400 2
  1 -1442.5 429.66 -21.9221
  2 1442.5 7570.34 1.10886
36600 2
  1 -1442.5 433.51 -22.0651
  2 1442.5 7566.49 1.12802
36800 2
  1 -1442.5 466.77 -22.0073
  2 1442.5 7533.23 1.22609
37000 2
  1 -1442.5 437.4 -22.15
  2 1442.5 7562.6 1.14337
37200 2
  1 -1442.5 482.66 -22.0192
  2 1442.5 7517.34 1.27446
37400 2
  1 -1442.5 482.04 -22.1622
  2 1442.5 7517.96 1.28095
37600 2
  1 -1442.5 476.83 -22.2445
  2 1442.5 7523.17 1.26918
37800 2
  1 -1442.5 478.55 -22.3917
  2 1442.5 7521.45 1.28317
38000 2
  1 -1442.5 478.43 -22.4916
  2 1442.5 7521.57 1.2884
38200 2
  1 -1442.5 483.25 -22.5829
  2 1442.5 7516.75 1.30876
38400 2
  1 -1442.5 485.55 -22.6338
  2 1442.5 7514.45 1.31861
38600 2
  1 -1442.5 490.8 -22.5041
  2 1442.5 7509.2 1.32612
38800 2
  1 -1442.5 497.15 -22.5436
  2 1442.5 7502.85 1.34816
39000 2
  1 -1442.5 494.14 -22.7903
  2 1442.5 7505.86 1.35406
39200 2
  1 -1442.5 491.36 -23.007
  2 1442.5 7508.64 1.35855
39400 2
  1 -1442.5 492.94 -22.9092
  2 1442.5 7507.06 1.3565
39600 2
  1 -1442.5 497.93 -22.8428
  2 1442.5 7502.07 1.36748
39800 2
  1 -1442.5 498.44 -23.0622
  2 1442.5 7501.56 1.38295
40000 2
  1 -1442.5 495.75 -23.3773
  2 1442.5 7504.25 1.39424
40200 2
  1 -1442.5 496.59 -23.516
  2 1442.5 7503.41 1.40544
40400 2
  1 -1442.5 496.11 -23.6189
  2 1442.5 7503.89 1.4099
40600 2
  1 -1442.5 516.17 -23.6804
  2 1442.5 7483.83 1.48047
40800 2
  1 -1442.5 517.81 -23.7913
  2 1442.5 7482.19 1.49291
41000 2
  1 -1442.5 509.57 -23.7308
  2 1442.5 7490.43 1.46022
41200 2
  1 -1442.5 512.78 -23.8134
  2 1442.5 7487.22 1.47592
41400 2
  1 -1442.5 519.23 -23.9371
  2 1442.5 7480.77 1.50556
41600 2
  1 -1442.5 535.39 -24.135
  2 1442.5 7464.61 1.57407
41800 2
  1 -1442.5 541.63 -24.2818
  2 1442.5 7458.37 1.60549
42000 2
  1 -1442.5 546.32 -24.2995
  2 1442.5 7453.68 1.62231
42200 2
  1 -1442.5 541.55 -24.3785
  2 1442.5 7458.45 1.61071
42400 2
  1 -1442.5 535 -24.6542
  2 1442.5 7465 1.60691
42600 2
  1 -1442.5 535.29 -24.7069
  2 1442.5 7464.71 1.61095
42800 2
  1 -1442.5 535.13 -24.7335
  2 1442.5 7464.87 1.61153
43000 2
  1 -1442.5 534.31 -24.9948
  2 1442.5 7465.69 1.62658
43200 2
  1 -1442.5 522.81 -25.3293
  2 1442.5 7477.19 1.60827
43400 2
  1 -1442.5 520.81 -25.4393
  2 1442.5 7479.19 1.60797
43600 2
  1 -1442.5 536.31 -25.3861
  2 1442.5 7463.69 1.65955
43800 2
  1 -1442.5 541.52 -25.306
  2 1442.5 7458.48 1.67187
44000 2
  1 -1442.5 559.43 -25.39
  2 1442.5 7440.57 1.74236
44200 2
  1 -1442.5 556.45 -25.5096
  2 1442.5 7443.55 1.73968
44400 2
  1 -1442.5 562.2 -25.4388
  2 1442.5 7437.8 1.75463
44600 2
  1 -1442.5 558.45 -25.4461
  2 1442.5 7441.55 1.74072
44800 2
  1 -1442.5 569.01 -25.4838
  2 1442.5 7430.99 1.78148
45000 2
  1 -1442.5 579.5 -25.6778
  2 1442.5 7420.5 1.83441
45200 2
  1 -1442.5 570.5 -25.4918
  2 1442.5 7429.5 1.78604
45400 2
  1 -1442.5 563.65 -25.515
  2 1442.5 7436.35 1.76191
45600 2
  1 -1442.5 594.79 -25.5659
  2 1442.5 7405.21 1.87993
45800 2
  1 -1442.5 596.89 -25.8018
  2 1442.5 7403.11 1.90597
46000 2
  1 -1442.5 597.42 -25.9278
  2 1442.5 7402.58 1.91736
46200 2
  1 -1442.5 597.53 -26.0477
  2 1442.5 7402.47 1.92669
46400 2
  1 -1442.5 597.56 -26.4103
  2 1442.5 7402.44 1.95531
46600 2
  1 -1442.5 593.26 -26.6514
  2 1442.5 7406.74 1.95739
46800 2
  1 -1442.5 590.11 -26.9165
  2 1442.5 7409.89 1.96558
47000 2
  1 -1442.5 585.37 -26.9217
  2 1442.5 7414.63 1.94676
47200 2
  1 -1442.5 593.86 -26.9527
  2 1442.5 7406.14 1.98157
47400 2
  1 -1442.5 593.41 -27.0585
  2 1442.5 7406.59 1.98753
47600 2
  1 -1442.5 596.92 -26.9378
  2 1442.5 7403.08 1.9908
47800 2
  1 -1442.5 593.97 -26.9213
  2 1442.5 7406.03 1.97719
48000 2
  1 -1442.5 593.09 -27.1176
  2 1442.5 7406.91 1.98872
48200 2
  1 -1442.5 616.74 -27.3192
  2 1442.5 7383.26 2.09802
48400 2
  1 -1442.5 623.58 -27.3672
  2 1442.5 7376.42 2.12859
48600 2
  1 -1442.5 633.76 -27.4554
  2 1442.5 7366.24 2.17617
48800 2
  1 -1442.5 642.34 -27.5981
  2 1442.5 7357.66 2.22241
49000 2
  1 -1442.5 643.53 -27.6595
  2 1442.5 7356.47 2.23184
49200 2
  1 -1442.5 647.39 -27.5924
  2 1442.5 7352.61 2.24086
49400 2
  1 -1442.5 645.57 -27.3905
  2 1442.5 7354.43 2.21498
49600 2
  1 -1442.5 600.7 -27.5094
  2 1442.5 7399.3 2.04434
49800 2
  1 -1442.5 645.76 -27.5321
  2 1442.5 7354.24 2.22663
50000 2
  1 -1442.5 649.87 -27.7315
  2 1442.5 7350.13 2.26014
50200 2
  1 -1442.5 649.07 -27.9038
  2 1442.5 7350.93 2.27132
50400 2
  1 -1442.5 650 -28.0958
  2 1442.5 7350 2.29135
50600 2
  1 -1442.5 650 -27.9966
  2 1442.5 7350 2.2818
50800 2
  1 -1442.5 650 -28.0629
  2 1442.5 7350 2.2869
51000 2
  1 -1442.5 650 -28.0147
  2 1442.5 7350 2.28186
51200 2
  1 -1442.5 651.92 -28.0018
  2 1442.5 7348.08 2.28786
51400 2
  1 -1442.5 650.84 -28.0461
  2 1442.5 7349.16 2.28656
51600 2
  1 -1442.5 650 -28.1325
  2 1442.5 7350 2.28997
51800 2
  1 -1442.5 651.1 -28.2898
  2 1442.5 7348.9 2.30769
52000 2
  1 -1442.5 652.61 -28.3567
  2 1442.5 7347.39 2.31915
52200 2
  1 -1442.5 660.65 -28.2846
  2 1442.5 7339.35 2.34549
52400 2
  1 -1442.5 674.84 -28.2899
  2 1442.5 7325.16 2.40455
52600 2
  1 -1442.5 671.22 -28.3211
  2 1442.5 7328.78 2.39146
52800 2
  1 -1442.5 663.81 -28.5601
  2 1442.5 7336.19 2.3813
53000 2
  1 -1442.5 664.16 -28.645
  2 1442.5 7335.84 2.38969
53200 2
  1 -1442.5 667.46 -28.6516
  2 1442.5 7332.54 2.40348
53400 2
  1 -1442.5 667.54 -28.7192
  2 1442.5 7332.46 2.4092
53600 2
  1 -1442.5 666.26 -28.8614
  2 1442.5 7333.74 2.41592
53800 2
  1 -1442.5 683.18 -29.0077
  2 1442.5 7316.82 2.50113
54000 2
  1 -1442.5 707.1 -28.9077
  2 1442.5 7292.9 2.59401
54200 2
  1 -1442.5 658.74 -29.1652
  2 1442.5 7341.26 2.40883
54400 2
  1 -1442.5 668.97 -29.1478
  2 1442.5 7331.03 2.45053
54600 2
  1 -1442.5 671.3 -29.2438
  2 1442.5 7328.7 2.4686
54800 2
  1 -1442.5 700.78 -29.4178
  2 1442.5 7299.22 2.6126
55000 2
  1 -1442.5 723.49 -29.4032
  2 1442.5 7276.51 2.71035
55200 2
  1 -1442.5 729.91 -29.3813
  2 1442.5 7270.09 2.73573
55400 2
  1 -1442.5 745.3 -29.4861
  2 1442.5 7254.7 2.81384
55600 2
  1 -1442.5 749.03 -29.7174
  2 1442.5 7250.97 2.85357
55800 2
  1 -1442.5 749.96 -29.821
  2 1442.5 7250.04 2.86769
56000 2
  1 -1442.5 749.11 -29.7955
  2 1442.5 7250.89 2.86044
56200 2
  1 -1442.5 749.31 -29.689
  2 1442.5 7250.69 2.84956
56400 2
  1 -1442.5 729.75 -29.6322
  2 1442.5 7270.25 2.75553
56600 2
  1 -1442.5 746.86 -29.6645
  2 1442.5 7253.14 2.83448
56800 2
  1 -1442.5 752.48 -29.6957
  2 1442.5 7247.52 2.86214
57000 2
  1 -1442.5 754 -29.7263
  2 1442.5 7246 2.87137
57200 2
  1 -1442.5 753.23 -30.0484
  2 1442.5 7246.77 2.90061
57400 2
  1 -1442.5 750 -30.4316
  2 1442.5 7250 2.92478
57600 2
  1 -1442.5 740.68 -30.6481
  2 1442.5 7259.32 2.90327
57800 2
  1 -1442.5 732.07 -30.6598
  2 1442.5 7267.93 2.86392
58000 2
  1 -1442.5 749.61 -30.7616
  2 1442.5 7250.39 2.95477
58200 2
  1 -1442.5 750 -30.6862
  2 1442.5 7250 2.948
58400 2
  1 -1442.5 750 -30.767
  2 1442.5 7250 2.95557
58600 2
  1 -1442.5 756.01 -30.8762
  2 1442.5 7243.99 2.99417
58800 2
  1 -1442.5 756.63 -30.7645
  2 1442.5 7243.37 2.98462
59000 2
  1 -1442.5 754 -30.9122
  2 1442.5 7246 2.98696
59200 2
  1 -1442.5 754 -31.1492
  2 1442.5 7246 3.01084
59400 2
  1 -1442.5 751.16 -31.307
  2 1442.5 7248.84 3.01302
59600 2
  1 -1442.5 750.56 -31.3365
  2 1442.5 7249.44 3.01245
59800 2
  1 -1442.5 750.18 -31.2776
  2 1442.5 7249.82 3.00379
60000 2
  1 -1442.5 753.41 -31.2174
  2 1442.5 7246.59 3.01202
60200 2
  1 -1442.5 765.67 -31.2325
  2 1442.5 7234.33 3.07085
60400 2
  1 -1442.5 786.5 -31.3243
  2 1442.5 7213.5 3.17912
60600 2
  1 -1442.5 780.4 -31.327
  2 1442.5 7219.6 3.14948
60800 2
  1 -1442.5 786.69 -31.275
  2 1442.5 7213.31 3.17309
61000 2
  1 -1442.5 780.6 -31.2609
  2 1442.5 7219.4 3.14172
61200 2
  1 -1442.5 788.53 -31.3956
  2 1442.5 7211.47 3.19349
61400 2
  1 -1442.5 799.98 -31.7689
  2 1442.5 7200.02 3.28919
61600 2
  1 -1442.5 800 -31.8473
  2 1442.5 7200 3.29721
61800 2
  1 -1442.5 800 -31.782
  2 1442.5 7200 3.28917
62000 2
  1 -1442.5 800.63 -31.8784
  2 1442.5 7199.37 3.30218
62200 2
  1 -1442.5 802.77 -31.898
  2 1442.5 7197.23 3.31403
62400 2
  1 -1442.5 804 -31.9348
  2 1442.5 7196 3.32338
62600 2
  1 -1442.5 804 -31.915
  2 1442.5 7196 3.32038
62800 2
  1 -1442.5 804 -32.2116
  2 1442.5 7196 3.35273
63000 2
  1 -1442.5 800.75 -32.5705
  2 1442.5 7199.25 3.37581
63200 2
  1 -1442.5 800.12 -32.6076
  2 1442.5 7199.88 3.37601
63400 2
  1 -1442.5 803.9 -32.5479
  2 1442.5 7196.1 3.38745
63600 2
  1 -1442.5 804 -32.3228
  2 1442.5 7196 3.36201
63800 2
  1 -1442.5 805.37 -32.5774
  2 1442.5 7194.63 3.39652
64000 2
  1 -1442.5 802.29 -32.8681
  2 1442.5 7197.71 3.41275
64200 2
  1 -1442.5 803.5 -32.8789
  2 1442.5 7196.5 3.41926
64400 2
  1 -1442.5 804.89 -32.9466
  2 1442.5 7195.11 3.43306
64600 2
  1 -1442.5 810.29 -32.8563
  2 1442.5 7189.71 3.44942
64800 2
  1 -1442.5 829.66 -33.0421
  2 1442.5 7170.34 3.56821
65000 2
  1 -1442.5 846.92 -33.1805
  2 1442.5 7153.08 3.67214
65200 2
  1 -1442.5 834.68 -33.2488
  2 1442.5 7165.32 3.61635
65400 2
  1 -1442.5 841.12 -33.2307
  2 1442.5 7158.88 3.6466
65600 2
  1 -1442.5 843.98 -33.2163
  2 1442.5 7156.02 3.65884
65800 2
  1 -1442.5 853.96 -33.4453
  2 1442.5 7146.04 3.73691
66000 2
  1 -1442.5 854 -33.6084
  2 1442.5 7146 3.75583
66200 2
  1 -1442.5 854 -33.6243
  2 1442.5 7146 3.75694
66400 2
  1 -1442.5 854 -33.6602
  2 1442.5 7146 3.76044
66600 2
  1 -1442.5 854 -33.6632
  2 1442.5 7146 3.76
66800 2
  1 -1442.5 854 -33.9621
  2 1442.5 7146 3.79492
67000 2
  1 -1442.5 854 -34.2652
  2 1442.5 7146 3.83035
67200 2
  1 -1442.5 854 -34.3132
  2 1442.5 7146 3.83531
67400 2
  1 -1442.5 854 -34.4771
  2 1442.5 7146 3.8541
67600 2
  1 -1442.5 865.28 -34.5103
  2 1442.5 7134.72 3.91793
67800 2
  1 -1442.5 859.45 -34.5198
  2 1442.5 7140.55 3.8869
68000 2
  1 -1442.5 854 -34.6047
  2 1442.5 7146 3.86697
68200 2
  1 -1442.5 854 -34.6354
  2 1442.5 7146 3.86984
68400 2
  1 -1442.5 854.45 -34.6658
  2 1442.5 7145.55 3.87511
68600 2
  1 -1442.5 854 -34.6475
  2 1442.5 7146 3.86971
68800 2
  1 -1442.5 853.6 -34.9363
  2 1442.5 7146.4 3.90126
69000 2
  1 -1442.5 853.11 -35.2533
  2 1442.5 7146.89 3.93564
69200 2
  1 -1442.5 904 -35.1127
  2 1442.5 7096 4.19798
69400 2
  1 -1442.5 904 -35.3524
  2 1442.5 7096 4.22771
69600 2
  1 -1442.5 904 -35.2958
  2 1442.5 7096 4.21971
69800 2
  1 -1442.5 904 -35.2371
  2 1442.5 7096 4.21143
70000 2
  1 -1442.5 904 -35.2911
  2 1442.5 7096 4.21752
70200 2
  1 -1442.5 904 -35.3663
  2 1442.5 7096 4.22631
70400 2
  1 -1442.5 904 -35.6089
  2 1442.5 7096 4.25641
70600 2
  1 -1442.5 902.11 -35.9803
  2 1442.5 7097.89 4.2922
70800 2
  1 -1442.5 900 -36.3629
  2 1442.5 7100 4.32794
71000 2
  1 -1442.5 922.4 -36.445
  2 1442.5 7077.6 4.46661
71200 2
  1 -1442.5 947.42 -36.3725
  2 1442.5 7052.58 4.60121
71400 2
  1 -1442.5 934.52 -36.2862
  2 1442.5 7065.48 4.51419
71600 2
  1 -1442.5 910.97 -36.1632
  2 1442.5 7089.03 4.36204
71800 2
  1 -1442.5 911.03 -35.9327
  2 1442.5 7088.97 4.33196
72000 2
  1 -1442.5 918.84 -36.0808
  2 1442.5 7081.16 4.39479
72200 2
  1 -1442.5 909.2 -36.3348
  2 1442.5 7090.8 4.37153
72400 2
  1 -1442.5 917.8 -36.5792
  2 1442.5 7082.2 4.45183
72600 2
  1 -1442.5 950.23 -36.825
  2 1442.5 7049.77 4.67292
72800 2
  1 -1442.5 950.29 -36.9178
  2 1442.5 7049.71 4.68497
73000 2
  1 -1442.5 950 -37.1471
  2 1442.5 7050 4.71336
73200 2
  1 -1442.5 950 -37.3396
  2 1442.5 7050 4.7385
73400 2
  1 -1442.5 953.21 -37.2773
  2 1442.5 7046.79 4.74843
73600 2
  1 -1442.5 954.34 -36.9885
  2 1442.5 7045.66 4.71525
73800 2
  1 -1442.5 955.14 -36.6877
  2 1442.5 7044.86 4.67841
74000 2
  1 -1442.5 954 -36.8936
  2 1442.5 7046 4.69878
74200 2
  1 -1442.5 954 -37.4666
  2 1442.5 7046 4.77556
74400 2
  1 -1442.5 954 -37.892
  2 1442.5 7046 4.83236
74600 2
  1 -1442.5 954 -37.9932
  2 1442.5 7046 4.84525
74800 2
  1 -1442.5 954 -37.8674
  2 1442.5 7046 4.82742
75000 2
  1 -1442.5 954 -37.9556
  2 1442.5 7046 4.83856
75200 2
  1 -1442.5 954 -38.0287
  2 1442.5 7046 4.84766
75400 2
  1 -1442.5 955.48 -38.0589
  2 1442.5 7044.52 4.85995
75600 2
  1 -1442.5 954 -37.9908
  2 1442.5 7046 4.84091
75800 2
  1 -1442.5 954 -37.6568
  2 1442.5 7046 4.79489
76000 2
  1 -1442.5 954 -37.8077
  2 1442.5 7046 4.81452
76200 2
  1 -1442.5 957.9 -38.4279
  2 1442.5 7042.1 4.92168
76400 2
  1 -1442.5 983.96 -38.6179
  2 1442.5 7016.04 5.10854
76600 2
  1 -1442.5 995.67 -38.6753
  2 1442.5 7004.33 5.18899
76800 2
  1 -1442.5 986.75 -38.679
  2 1442.5 7013.25 5.13292
77000 2
  1 -1442.5 1002.89 -38.6755
  2 1442.5 6997.11 5.23267
77200 2
  1 -1442.5 1004 -38.7502
  2 1442.5 6996 5.24953
77400 2
  1 -1442.5 1004 -38.7805
  2 1442.5 6996 5.25307
77600 2
  1 -1442.5 1004 -38.8795
  2 1442.5 6996 5.26647
77800 2
  1 -1442.5 1004 -39.1233
  2 1442.5 6996 5.30065
78000 2
  1 -1442.5 1004 -39.3549
  2 1442.5 6996 5.33308
78200 2
  1 -1442.5 1004 -39.7664
  2 1442.5 6996 5.39133
78400 2
  1 -1442.5 1004 -39.8791
  2 1442.5 6996 5.40669
78600 2
  1 -1442.5 1004 -39.6397
  2 1442.5 6996 5.37153
78800 2
  1 -1442.5 1004 -39.6688
  2 1442.5 6996 5.37489
79000 2
  1 -1442.5 1004 -39.6304
  2 1442.5 6996 5.36857
79200 2
  1 -1442.5 1004.63 -39.5663
  2 1442.5 6995.37 5.36261
79400 2
  1 -1442.5 1035.43 -39.6517
  2 1442.5 6964.57 5.57319
79600 2
  1 -1442.5 1017.9 -39.7194
  2 1442.5 6982.1 5.4687
79800 2
  1 -1442.5 1004.57 -39.9814
  2 1442.5 6995.43 5.4194
80000 2
  1 -1442.5 1020.36 -40.1091
  2 1442.5 6979.64 5.53997
80200 2
  1 -1442.5 1051.03 -40.3389
  2 1442.5 6948.97 5.77539
80400 2
  1 -1442.5 1051.12 -40.6056
  2 1442.5 6948.88 5.81552
80600 2
  1 -1442.5 1049.13 -40.7663
  2 1442.5 6950.87 5.82567
80800 2
  1 -1442.5 1049.95 -40.9946
  2 1442.5 6950.05 5.86485
81000 2
  1 -1442.5 1050.78 -40.6444
  2 1442.5 6949.22 5.81667
81200 2
  1 -1442.5 1051.08 -40.4152
  2 1442.5 6948.92 5.78319
81400 2
  1 -1442.5 1069.49 -40.2961
  2 1442.5 6930.51 5.88671
81600 2
  1 -1442.5 1065.64 -40.3729
  2 1442.5 6934.36 5.87206
81800 2
  1 -1442.5 1040.58 -40.6082
  2 1442.5 6959.42 5.73991
82000 2
  1 -1442.5 1053.6 -40.7749
  2 1442.5 6946.4 5.85125
82200 2
  1 -1442.5 1054 -41.2111
  2 1442.5 6946 5.91931
82400 2
  1 -1442.5 1052.91 -41.51
  2 1442.5 6947.09 5.95641
82600 2
  1 -1442.5 1050.16 -41.6804
  2 1442.5 6949.84 5.96256
82800 2
  1 -1442.5 1052.7 -41.7783
  2 1442.5 6947.3 5.994
83000 2
  1 -1442.5 1059.81 -41.5691
  2 1442.5 6940.19 6.01017
83200 2
  1 -1442.5 1064.58 -41.4277
  2 1442.5 6935.42 6.02037
83400 2
  1 -1442.5 1068.23 -41.278
  2 1442.5 6931.77 6.02148
83600 2
  1 -1442.5 1099.68 -41.3294
  2 1442.5 6900.32 6.24442
83800 2
  1 -1442.5 1099.68 -41.4665
  2 1442.5 6900.32 6.26545
84000 2
  1 -1442.5 1076.14 -41.7771
  2 1442.5 6923.86 6.15064
84200 2
  1 -1442.5 1059.64 -42.0094
  2 1442.5 6940.36 6.07134
84400 2
  1 -1442.5 1075.46 -42.2435
  2 1442.5 6924.54 6.21672
84600 2
  1 -1442.5 1090.35 -42.3584
  2 1442.5 6909.65 6.33846
84800 2
  1 -1442.5 1096.53 -42.4641
  2 1442.5 6903.47 6.39804
85000 2
  1 -1442.5 1104 -42.3271
  2 1442.5 6896 6.42821
85200 2
  1 -1442.5 1104 -42.144
  2 1442.5 6896 6.39808
85400 2
  1 -1442.5 1060.07 -42.2577
  2 1442.5 6939.93 6.10735
85600 2
  1 -1442.5 1089.67 -42.2787
  2 1442.5 6910.33 6.31701
85800 2
  1 -1442.5 1130.98 -42.2825
  2 1442.5 6869.02 6.60907
86000 2
  1 -1442.5 1129.17 -42.4043
  2 1442.5 6870.83 6.61538
86200 2
  1 -1442.5 1104.14 -42.5055
  2 1442.5 6895.86 6.45284
86400 2
  1 -1442.5 1105.6 -42.4537
  2 1442.5 6894.4 6.45408
86600 2
  1 -1442.5 1104 -42.5543
  2 1442.5 6896 6.45801
86800 2
  1 -1442.5 1105.33 -42.7456
  2 1442.5 6894.67 6.49731
87000 2
  1 -1442.5 1126.56 -42.7943
  2 1442.5 6873.44 6.65657
87200 2
  1 -1442.5 1150 -42.7537
  2 1442.5 6850 6.81813
87400 2
  1 -1442.5 1150 -42.7811
  2 1442.5 6850 6.82191
87600 2
  1 -1442.5 1150 -43.0696
  2 1442.5 6850 6.86953
87800 2
  1 -1442.5 1148.7 -43.2932
  2 1442.5 6851.3 6.89671
88000 2
  1 -1442.5 1149.58 -43.7316
  2 1442.5 6850.42 6.9759
88200 2
  1 -1442.5 1127.42 -43.6492
  2 1442.5 6872.58 6.79806
88400 2
  1 -1442.5 1125.1 -43.6926
  2 1442.5 6874.9 6.78731
88600 2
  1 -1442.5 1113.01 -44.0425
  2 1442.5 6886.99 6.75442
88800 2
  1 -1442.5 1115.81 -44.2381
  2 1442.5 6884.19 6.80596
89000 2
  1 -1442.5 1127.29 -43.8301
  2 1442.5 6872.71 6.82348
89200 2
  1 -1442.5 1147.9 -43.8395
  2 1442.5 6852.1 6.97658
89400 2
  1 -1442.5 1151.07 -43.757
  2 1442.5 6848.93 6.98541
89600 2
  1 -1442.5 1154.56 -43.9616
  2 1442.5 6845.44 7.04497
89800 2
  1 -1442.5 1173.5 -44.0523
  2 1442.5 6826.5 7.20124
90000 2
  1 -1442.5 1195.72 -44.262
  2 1442.5 6804.28 7.40464
90200 2
  1 -1442.5 1185.73 -44.3494
  2 1442.5 6814.27 7.34327
90400 2
  1 -1442.5 1178.74 -44.2677
  2 1442.5 6821.26 7.27535
90600 2
  1 -1442.5 1164.86 -44.5886
  2 1442.5 6835.14 7.22455
90800 2
  1 -1442.5 1158.37 -44.9271
  2 1442.5 6841.63 7.23188
91000 2
  1 -1442.5 1169.99 -44.8003
  2 1442.5 6830.01 7.29806
91200 2
  1 -1442.5 1176.36 -44.6225
  2 1442.5 6823.64 7.31521
91400 2
  1 -1442.5 1191.24 -44.9341
  2 1442.5 6808.76 7.48241
91600 2
  1 -1442.5 1200 -45.1556
  2 1442.5 6800 7.58819
91800 2
  1 -1442.5 1199.81 -44.9426
  2 1442.5 6800.19 7.5483
92000 2
  1 -1442.5 1201.48 -44.9396
  2 1442.5 6798.52 7.55984
92200 2
  1 -1442.5 1206 -44.7519
  2 1442.5 6794 7.56061
92400 2
  1 -1442.5 1204.89 -44.5438
  2 1442.5 6795.11 7.51434
92600 2
  1 -1442.5 1200 -44.8017
  2 1442.5 6800 7.52158
92800 2
  1 -1442.5 1200 -45.2744
  2 1442.5 6800 7.60416
93000 2
  1 -1442.5 1200 -45.4448
  2 1442.5 6800 7.63339
93200 2
  1 -1442.5 1200 -45.467
  2 1442.5 6800 7.63648
93400 2
  1 -1442.5 1200.85 -45.8447
  2 1442.5 6799.15 7.709
93600 2
  1 -1442.5 1225.44 -46.0213
  2 1442.5 6774.56 7.9345
93800 2
  1 -1442.5 1208.25 -46.0734
  2 1442.5 6791.75 7.80636
94000 2
  1 -1442.5 1200.94 -45.9611
  2 1442.5 6799.06 7.72778
94200 2
  1 -1442.5 1206.02 -45.8926
  2 1442.5 6793.98 7.75493
94400 2
  1 -1442.5 1204.8 -45.6057
  2 1442.5 6795.2 7.69358
94600 2
  1 -1442.5 1200 -45.6243
  2 1442.5 6800 7.65842
94800 2
  1 -1442.5 1200 -45.9023
  2 1442.5 6800 7.70665
95000 2
  1 -1442.5 1200 -45.8349
  2 1442.5 6800 7.69392
95200 2
  1 -1442.5 1200 -45.6171
  2 1442.5 6800 7.65465
95400 2
  1 -1442.5 1200.49 -45.7985
  2 1442.5 6799.51 7.68969
95600 2
  1 -1442.5 1209.98 -46.1738
  2 1442.5 6790.02 7.83049
95800 2
  1 -1442.5 1224.26 -46.2436
  2 1442.5 6775.74 7.95608
96000 2
  1 -1442.5 1200.49 -46.2341
  2 1442.5 6799.51 7.76409
96200 2
  1 -1442.5 1201.2 -46.1025
  2 1442.5 6798.8 7.74564
96400 2
  1 -1442.5 1213.41 -45.8453
  2 1442.5 6786.59 7.7957
96600 2
  1 -1442.5 1218.82 -46.0804
  2 1442.5 6781.18 7.87991
96800 2
  1 -1442.5 1231.19 -46.5605
  2 1442.5 6768.81 8.06503
97000 2
  1 -1442.5 1240.59 -46.6361
  2 1442.5 6759.41 8.15402
97200 2
  1 -1442.5 1240.16 -46.453
  2 1442.5 6759.84 8.11612
97400 2
  1 -1442.5 1240.18 -46.4042
  2 1442.5 6759.82 8.10649
97600 2
  1 -1442.5 1250 -46.6476
  2 1442.5 6750 8.23001
97800 2
  1 -1442.5 1250 -47.0036
  2 1442.5 6750 8.29512
98000 2
  1 -1442.5 1250 -47.0119
  2 1442.5 6750 8.29581
98200 2
  1 -1442.5 1250 -46.8487
  2 1442.5 6750 8.26476
98400 2
  1 -1442.5 1255.28 -46.7302
  2 1442.5 6744.72 8.285
98600 2
  1 -1442.5 1255.49 -46.7002
  2 1442.5 6744.51 8.28028
98800 2
  1 -1442.5 1250 -47.1154
  2 1442.5 6750 8.31163
99000 2
  1 -1442.5 1250 -47.5257
  2 1442.5 6750 8.38676
99200 2
  1 -1442.5 1250 -47.5677
  2 1442.5 6750 8.39371
99400 2
  1 -1442.5 1250 -47.5845
  2 1442.5 6750 8.39597
99600 2
  1 -1442.5 1251.45 -48.0062
  2 1442.5 6748.55 8.48537
99800 2
  1 -1442.5 1299.07 -47.9135
  2 1442.5 6700.93 8.868
100000 2
  1 -1442.5 1300 -47.6846
  2 1442.5 6700 8.83062
