       0     8000            0            0    228.91116    269526.73    435.73009   -3.7578593 
     200     8000    271.03019   -3.7573663    229.14007    269849.66      174.347   -3.7574934 
     400     8000    272.32424   -3.7574196    229.36898    270813.64   -171.74764   -3.7575099 
     600     8000    272.71234    -3.757287    229.59789     271141.6   -1187.6406    -3.757328 
     800     8000    274.01999   -3.7572086     229.8268    271181.15   -1511.3858   -3.7569972 
    1000     8000    275.31939    -3.757113    230.05571    271208.19   -1217.8149   -3.7565295 
    1200     8000    275.57287   -3.7569058    230.28462    271199.68   -994.55634    -3.756388 
    1400     8000    275.49358   -3.7566781    230.51354    271332.46   -1187.9933   -3.7566784 
    1600     8000    276.40368   -3.7565779    230.74245     272124.8   -2041.1336   -3.7570504 
    1800     8000    276.69321   -3.7563713    230.97136    273096.99   -2506.7068   -3.7564462 
    2000     8000    277.19799   -3.7561695    231.20027    275005.38   -2866.6129   -3.7561148 
    2200     8000    278.21204   -3.7560131    231.42918    273091.98   -2835.3316   -3.7561131 
    2400     8000    278.75734   -3.7557867    231.65809    273763.12   -3658.6444   -3.7556365 
    2600     8000     280.0378   -3.7556322      231.887     274380.4   -4027.0834   -3.7555554 
    2800     8000    281.18307   -3.7554493    232.11591    274273.69   -3991.6006   -3.7557604 
    3000     8000    282.06615   -3.7552324    232.34482     273491.9   -3521.8234   -3.7549899 
    3200     8000    282.40415   -3.7549549    232.57374    274729.99   -3934.5246   -3.7545822 
    3400     8000    282.87126   -3.7546846    232.80265    275067.24   -4164.6632   -3.7546507 
    3600     8000    283.24896   -3.7543973    233.03156    274923.84   -4501.5252   -3.7546547 
    3800     8000    284.38487   -3.7542007    233.26047    275101.95   -5280.9976   -3.7542613 
    4000     8000    284.62902   -3.7538731    233.48938    275804.22   -5279.2763   -3.7539553 
    4200     8000    285.39663   -3.7536136    233.71829    275463.92   -6032.5746   -3.7533284 
    4400     8000    286.35505   -3.7533642     233.9472    276204.14   -6170.3259   -3.7532484 
    4600     8000    287.47493   -3.7531333    234.17611    276020.64   -6388.4937   -3.7532496 
    4800     8000    288.48493   -3.7528846    234.40502    276668.86   -5968.2033   -3.7524452 
    5000     8000    288.84585   -3.7525639    234.63394    277681.23   -6131.6236   -3.7522072 
    5200     8000    288.68979    -3.752174    234.86285    277764.11   -7177.9625   -3.7522775 
    5400     8000    289.71746   -3.7519167    235.09176    277484.27   -7116.8302   -3.7519901 
    5600     8000    290.45716   -3.7516269    235.32067    278936.89   -7203.8696   -3.7516405 
    5800     8000    291.18804   -3.7513356    235.54958    278169.24    -7255.172   -3.7512896 
    6000     8000    292.71068   -3.7511496    235.77849    277815.59   -8053.8664   -3.7510845 
    6200     8000    293.76129    -3.750889     236.0074    279043.97   -7913.6777   -3.7509957 
    6400     8000    294.09818   -3.7505413    236.23631     279491.7   -7367.7473    -3.750318 
    6600     8000    294.10068   -3.7501658    236.46523    279671.77   -7367.7174   -3.7504515 
    6800     8000    294.10296   -3.7497938    236.69414    279768.38   -8065.4156   -3.7502205 
    7000     8000    294.70443   -3.7494874    236.92305    279994.34   -8458.0079   -3.7495763 
    7200     8000    295.18413   -3.7491622    237.15196    280492.66   -8412.5722   -3.7488822 
    7400     8000    296.96861   -3.7490106    237.38087    280947.53   -8780.4209   -3.7492549 
    7600     8000    296.93049   -3.7486203    237.60978    281915.09   -9231.2535   -3.7484806 
    7800     8000    297.91587   -3.7483564    237.83869    282399.62   -9157.7519   -3.7486467 
    8000     8000    297.53633   -3.7479211     238.0676    282367.58   -8803.3761   -3.7482489 
    8200     8000     298.1166   -3.7476234    238.29651    282174.17   -8638.8165   -3.7481116 
    8400     8000    298.98225     -3.74737    238.52543    283305.71   -8920.8664   -3.7468806 
    8600     8000    298.70958   -3.7469686    238.75434    283506.44   -9900.2502   -3.7468649 
    8800     8000    299.36868   -3.7466723    238.98325    284190.18   -9554.0022   -3.7467824 
    9000     8000    300.44029   -3.7464414    239.21216    283361.77   -9566.8764    -3.746629 
    9200     8000    299.78563   -3.7459924    239.44107    283438.02   -9705.6751   -3.7462045 
    9400     8000     300.2859   -3.7456958    239.66998    285143.12   -9803.8958   -3.7461172 
    9600     8000    301.00531   -3.7454296    239.89889    285393.67   -9988.2236   -3.7452363 
    9800     8000    301.94141   -3.7451928     240.1278    286154.98   -9858.8883    -3.745302 
   10000     8000    301.46523   -3.7447826    240.35672    284885.28    -9393.722   -3.7441329 
   10200     8000    301.51187   -3.7444573    240.58563    285713.56   -9879.1068    -3.744521 
   10400     8000    301.83165   -3.7441625    240.81454     287258.2   -10317.002   -3.7441808 
   10600     8000    301.59621   -3.7437916    241.04345    287000.37   -10707.331   -3.7435457 
   10800     8000    301.85231   -3.7434824    241.27236     286095.6   -11036.085   -3.7429996 
   11000     8000    303.36318    -3.743336    241.50127    287288.91   -10521.299   -3.7428407 
   11200     8000    303.38033   -3.7430131    241.73018    286746.34   -10406.091   -3.7433513 
   11400     8000    303.16957   -3.7426697    241.95909    287548.82   -10128.744   -3.7427605 
   11600     8000    303.04212   -3.7423502      242.188    287989.25   -9704.4653   -3.7421218 
   11800     8000    302.31521   -3.7419684    242.41692    289851.94   -9962.1972   -3.7421468 
   12000     8000    302.27653   -3.7416746    242.64583    288579.34   -10661.811   -3.7417354 
   12200     8000    302.43012   -3.7413993    242.87474    289512.38    -10654.37    -3.741055 
   12400     8000    303.01825    -3.741186    243.10365    289672.48   -11483.184   -3.7410314 
   12600     8000     304.1209   -3.7410294    243.33256    289800.23   -10479.376   -3.7407819 
   12800     8000    305.54578   -3.7409438    243.56147    290598.48   -9751.0248   -3.7411374 
   13000     8000    307.27489   -3.7409251    243.79038    290538.87   -9513.8835   -3.7409289 
   13200     8000    308.01397   -3.7408009    244.01929    289566.65   -9773.8759   -3.7412166 
   13400     8000    308.40937   -3.7406483     244.2482    288892.55   -9143.2591   -3.7406709 
   13600     8000    310.23278   -3.7407187    244.47712    289883.26   -9213.5128       -3.741 
   13800     8000    311.87465   -3.7407917    244.70603    292327.08   -8835.3168   -3.7408055 
   14000     8000    313.15057   -3.7408534    244.93494    294725.76    -7966.149   -3.7406692 
   14200     8000    315.55531   -3.7411089    245.16385    292576.58   -7944.8417   -3.7410055 
   14400     8000    315.45867   -3.7410732    245.39276    289567.44   -8087.8266   -3.7413243 
   14600     8000    315.03732   -3.7410156    245.62167    289815.14   -6991.8244   -3.7412222 
   14800     8000    316.82759     -3.74128    245.85058    290665.98   -5184.6504   -3.7416452 
   15000     8000    317.27488   -3.7414187    246.07949    291921.36   -4335.3403   -3.7416482 
   15200     8000    315.45452    -3.741287    246.30841    292052.98   -5286.8024   -3.7413217 
   15400     8000    315.31104   -3.7413499    246.53732    291677.45   -4157.0816   -3.7410875 
   15600     8000    314.08398   -3.7412953    246.76623    291589.25   -4832.3821   -3.7416921 
   15800     8000    312.37092   -3.7411601    246.99514    292290.09   -4822.9537   -3.7410726 
   16000     8000    312.30698   -3.7412326    247.22405    292590.09   -5224.7116     -3.74139 
   16200     8000    311.06337     -3.74114    247.45296     292866.5   -5153.6562   -3.7414771 
   16400     8000    310.56238   -3.7411416    247.68187     292513.1   -5189.0296   -3.7410843 
   16600     8000    309.49811   -3.7410669    247.91078    293161.61   -5309.4484   -3.7407479 
   16800     8000    309.55703   -3.7411315    248.13969    292151.41   -6154.9864   -3.7415565 
   17000     8000    308.16086    -3.740987    248.36861    292406.23   -6858.2375   -3.7410766 
   17200     8000    307.86452    -3.740966    248.59752    293215.58   -6866.8907    -3.740271 
   17400     8000     306.8465   -3.7408473    248.82643    295397.24   -7600.4161   -3.7412573 
   17600     8000    305.91266   -3.7407173    249.05534     296516.8   -7258.4493   -3.7400284 
   17800     8000    305.32797   -3.7406335    249.28425    294650.53   -7508.1039    -3.740517 
   18000     8000    304.52512   -3.7405111    249.51316    296450.11   -7525.5002   -3.7405858 
   18200     8000    304.07426   -3.7404279    249.74207    295702.52   -7051.7732   -3.7404132 
   18400     8000    303.93055    -3.740389    249.97098    296496.86   -7287.5965   -3.7404657 
   18600     8000    303.03142   -3.7402429    250.19989     296328.6   -7697.7308   -3.7400589 
   18800     8000    302.69984   -3.7401569    250.42881    297908.14    -7966.173   -3.7397595 
   19000     8000    302.52047   -3.7400801    250.65772    297948.42   -7613.1107   -3.7403563 
   19200     8000    303.34049    -3.740135    250.88663    298510.77   -7998.9978   -3.7397107 
   19400     8000    302.84685   -3.7400097    251.11554    301616.91   -8154.7574    -3.740437 
   19600     8000    303.33172   -3.7400035    251.34445    298947.68   -7784.9698    -3.740086 
   19800     8000    302.64975   -3.7398553    251.57336    302745.02   -7237.6513   -3.7398075 
   20000     8000    303.72986   -3.7399441    251.80227    299802.01   -6930.9978   -3.7402986 
   20200     8000    304.05082   -3.7399426    252.03118    299992.83   -6643.6436   -3.7399888 
   20400     8000    304.37091   -3.7399494     252.2601    299238.91   -6530.1146   -3.7399666 
   20600     8000    304.68588   -3.7399609    252.48901    300735.94   -5857.0884   -3.7398884 
   20800     8000    304.73575   -3.7399553    252.71792    299202.93   -5593.2643   -3.7403773 
   21000     8000    304.69483   -3.7399467    252.94683    299932.69   -5641.3697   -3.7397864 
   21200     8000    305.12298   -3.7399998    253.17574    299343.63   -6334.1652   -3.7399048 
   21400     8000    304.78423    -3.739942    253.40465    301093.49   -5745.2595   -3.7398762 
   21600     8000    304.69926   -3.7399298    253.63356    301501.12   -5355.3981   -3.7395065 
   21800     8000    304.28646   -3.7398837    253.86247    301341.92   -5878.1519   -3.7398243 
   22000     8000     304.2175   -3.7398699    254.09138    300639.36   -5602.2878   -3.7398888 
   22200     8000    304.58649   -3.7399187     254.3203    301186.45   -5143.0847   -3.7396471 
   22400     8000    304.73847   -3.7399485    254.54921    303835.63    -4533.647   -3.7399131 
   22600     8000    303.36797   -3.7397911    254.77812    304412.53   -4455.4617   -3.7395355 
   22800     8000    304.42204   -3.7399483    255.00703    305380.31   -5080.8904   -3.7402041 
   23000     8000    304.45474   -3.7399583    255.23594    304516.78   -5036.9526   -3.7393977 
   23200     8000    303.69961   -3.7398679    255.46485    302719.73   -5175.6734   -3.7397716 
   23400     8000    303.67717   -3.7398701    255.69376    304094.28    -5438.035   -3.7399354 
   23600     8000    303.73001   -3.7398753    255.92267     303188.8   -5945.7659   -3.7400618 
   23800     8000    303.62251   -3.7398488    256.15158     306483.1   -5960.3812   -3.7398848 
   24000     8000    302.72744   -3.7397159     256.3805    305022.24    -6145.763   -3.7399665 
   24200     8000    301.54316   -3.7395375    256.60941    310168.85   -6610.9529   -3.7391535 
   24400     8000    301.07254   -3.7394344    256.83832    309068.81   -6287.0857    -3.738819 
   24600     8000    301.01277   -3.7393864    257.06723    310767.22   -6711.6815   -3.7396255 
   24800     8000    301.47287   -3.7393902    257.29614    309720.51   -6969.1026   -3.7393726 
   25000     8000    300.42151   -3.7391888    257.52505       310502   -7186.2248   -3.7390614 
   25200     8000    299.54408    -3.738999    257.75396    313306.05   -6799.2261   -3.7389943 
   25400     8000    298.68538   -3.7388114    257.98287    312068.09   -6747.8893   -3.7388755 
   25600     8000    298.58286   -3.7387166    258.21179    315166.68   -6859.2845   -3.7385182 
   25800     8000    298.94295    -3.738672     258.4407    310604.54   -7064.9108    -3.738579 
   26000     8000     297.9722   -3.7384468    258.66961    310655.42   -7265.4579   -3.7388837 
   26200     8000    298.60311   -3.7384177    258.89852    311820.95   -7107.2508   -3.7379743 
   26400     8000    298.22941   -3.7382558    259.12743    311945.49    -6886.291   -3.7381175 
   26600     8000    297.59955   -3.7380584    259.35634    316352.69   -7349.8749   -3.7383736 
   26800     8000     296.7809   -3.7378177    259.58525    316236.27   -7511.4909   -3.7378419 
   27000     8000    297.06625    -3.737707    259.81416    311923.17   -7623.2255   -3.7380915 
   27200     8000    296.71425   -3.7375056    260.04307    309836.28   -7681.7954   -3.7372908 
   27400     8000    297.16885   -3.7373995    260.27199    311620.36   -7658.2905   -3.7373882 
   27600     8000    298.79931   -3.7374372     260.5009     311037.2   -7636.5516   -3.7375413 
   27800     8000    298.58995   -3.7372329    260.72981     312608.6   -7027.4786   -3.7372658 
   28000     8000    300.83899   -3.7373564    260.95872    313992.58   -6563.0701   -3.7373002 
   28200     8000     301.6214   -3.7373006    261.18763    313830.19    -6522.574   -3.7370066 
   28400     8000    303.58576   -3.7374012    261.41654    313678.74   -5938.1158    -3.737306 
   28600     8000    306.23889   -3.7376124    261.64545    315863.67   -5695.1083   -3.7377101 
   28800     8000    308.33132   -3.7377695    261.87436    313907.55   -5692.7368   -3.7374505 
   29000     8000    309.20957   -3.7377911    262.10328    313338.84   -4915.6464   -3.7380858 
   29200     8000    310.16549   -3.7378627    262.33219    314216.27   -4329.9344   -3.7378254 
   29400     8000    311.17815   -3.7379798     262.5611    313142.59   -4118.5618    -3.738392 
   29600     8000    310.56518   -3.7379152    262.79001    313820.23   -3747.0129   -3.7378391 
   29800     8000    310.72055   -3.7379768    263.01892    313513.36   -3581.8273   -3.7381232 
   30000     8000    310.33968   -3.7379876    263.24783    315110.66   -2927.5456   -3.7380797 
   30200     8000     309.5359   -3.7379638    263.47674     317341.1   -2171.8075   -3.7379837 
   30400     8000     309.5072   -3.7380589    263.70565    314295.53    -1799.115   -3.7381746 
   30600     8000     309.0463   -3.7381054    263.93456    317122.48   -1302.2594   -3.7380258 
   30800     8000    307.90255   -3.7380722    264.16348    317741.12   -65.359948   -3.7378206 
   31000     8000    307.39106   -3.7381431    264.39239    319268.08   -1058.9912   -3.7382421 
   31200     8000    305.32173   -3.7379861     264.6213    319296.01   -997.77447   -3.7384317 
   31400     8000    306.53776   -3.7382504    264.85021    321496.15   -1634.5328   -3.7379093 
   31600     8000    306.06243   -3.7382794    265.07912    319382.67   -2094.5737   -3.7383601 
   31800     8000    304.98377   -3.7382189    265.30803    317272.07   -1870.4491   -3.7382875 
   32000     8000    305.13711   -3.7383203    265.53694    319410.75   -2292.3498   -3.7381824 
   32200     8000    306.12152   -3.7385174    265.76585    316476.22   -2566.9491   -3.7386581 
   32400     8000    305.35559    -3.738481    265.99476    316755.41   -1930.8003    -3.738778 
   32600     8000    305.10204   -3.7385221    266.22368    319192.95   -2206.1708    -3.738475 
   32800     8000    305.02159   -3.7385787    266.45259    317370.88   -2053.8521   -3.7385824 
   33000     8000    303.63392    -3.738467     266.6815    316007.85   -2640.5075   -3.7382238 
   33200     8000    303.66746   -3.7385235    266.91041    317099.88   -2801.1776   -3.7384486 
   33400     8000    303.79336   -3.7385861    267.13932    317151.49   -2504.4679   -3.7388271 
   33600     8000    303.36917   -3.7385808    267.36823    319011.23   -2893.1007   -3.7380761 
   33800     8000    303.42737   -3.7386282    267.59714    318734.41   -3303.1697   -3.7385956 
   34000     8000    303.15579   -3.7386227    267.82605    318839.15   -3009.1986   -3.7387375 
   34200     8000    303.43779   -3.7386933    268.05497    319721.45   -1936.1099   -3.7388341 
   34400     8000    303.95855   -3.7388162    268.28388    320839.02   -1409.0913   -3.7386635 
   34600     8000    302.96056   -3.7387524    268.51279    320171.72   -1917.8286   -3.7388837 
   34800     8000    303.12474   -3.7388274     268.7417    321038.85   -1497.4252   -3.7393579 
   35000     8000    303.74579   -3.7389699    268.97061    323271.14   -1561.0121   -3.7387729 
   35200     8000    303.13278   -3.7389503    269.19952    322972.48   -1443.3078   -3.7389252 
   35400     8000    302.50593   -3.7389308    269.42843    323746.14    -2053.954    -3.739401 
   35600     8000    302.50767   -3.7389778    269.65734    322646.07   -1944.1329   -3.7390583 
   35800     8000    302.43967   -3.7390155    269.88625    323328.87   -1200.6206   -3.7386905 
   36000     8000    302.09995   -3.7390317    270.11517     325598.9   -1264.3272   -3.7390909 
   36200     8000    301.80539   -3.7390486    270.34408    325348.93   -808.89134   -3.7389013 
   36400     8000    301.47263   -3.7390666    270.57299    325377.05   -867.61462   -3.7390473 
   36600     8000     301.3061   -3.7391018     270.8019    326896.33   -457.89682   -3.7392996 
   36800     8000    300.41549   -3.7390476    271.03081    326131.38   -334.69505   -3.7391782 
   37000     8000      300.229   -3.7390831    271.25972    324746.13   -801.88471   -3.7383538 
   37200     8000    299.30373   -3.7390089    271.48863    324655.45   -1099.3782   -3.7390337 
   37400     8000    299.14503   -3.7390209    271.71754    324273.34   -1277.0634   -3.7390517 
   37600     8000    298.46434   -3.7389563    271.94645    325441.39   -1406.1734   -3.7391606 
   37800     8000    298.72876   -3.7390066    272.17537     326058.5   -1399.4865   -3.7384753 
   38000     8000    299.01824   -3.7390547    272.40428    326767.54   -1323.0536   -3.7390153 
   38200     8000    299.03331   -3.7390638    272.63319    326759.07    -1444.295   -3.7393591 
   38400     8000    298.96995   -3.7390559     272.8621    327500.71   -1866.1713   -3.7390851 
   38600     8000    298.13992   -3.7389357    273.09101    327218.92    -1646.305   -3.7388918 
   38800     8000    298.49959   -3.7389691    273.31992    328416.95   -1371.9531   -3.7392107 
   39000     8000    299.12417   -3.7390384    273.54883    329168.97   -1736.2797    -3.739165 
   39200     8000    298.46665   -3.7389307    273.77774    330448.38   -2188.1756   -3.7387477 
   39400     8000    299.78446   -3.7390643    274.00666    329438.73   -1996.0278   -3.7389262 
   39600     8000    298.85141   -3.7389082    274.23557    331802.43   -2194.8009   -3.7392416 
   39800     8000    299.79653   -3.7389875    274.46448     330314.5   -1882.3392   -3.7387636 
   40000     8000    299.15702   -3.7388662    274.69339    331192.41   -1724.7371   -3.7392973 
   40200     8000    299.06732   -3.7388179     274.9223    332061.25   -1570.1914    -3.739194 
   40400     8000    299.33606   -3.7388174    275.15121    332383.64   -1724.8153    -3.739437 
   40600     8000    298.95566   -3.7387271    275.38012    334557.42   -1066.4067   -3.7387475 
   40800     8000    299.92762   -3.7388244    275.60903    335266.19    -1428.464   -3.7389385 
   41000     8000     299.9729   -3.7387928    275.83794    336915.04   -1542.6627   -3.7386517 
   41200     8000    299.40865   -3.7386788    276.06686    336463.52   -1579.4521   -3.7386103 
   41400     8000    300.00409   -3.7387125    276.29577    338582.95   -1688.8003   -3.7385795 
   41600     8000    300.82099   -3.7387722    276.52468    338778.33   -1760.4953   -3.7389004 
   41800     8000    301.14421    -3.738767    276.75359    337780.29   -1430.4996   -3.7387089 
   42000     8000    301.35103   -3.7387574     276.9825    340655.47   -579.28914   -3.7388527 
   42200     8000      301.923   -3.7388171    277.21141    338716.79   -480.57077   -3.7387536 
   42400     8000    301.84392   -3.7387985    277.44032     339567.8   -445.60283   -3.7388497 
   42600     8000    301.97651   -3.7388116    277.66923    339784.03    156.87267   -3.7390192 
   42800     8000    301.20104   -3.7387238    277.89814    340151.11    28.970986   -3.7387179 
   43000     8000    301.08838    -3.738723    278.12706    342630.22    133.38276   -3.7388602 
   43200     8000     301.0139   -3.7387314    278.35597    343448.49   -794.37302   -3.7384392 
   43400     8000    300.78687   -3.7387029    278.58488    343654.26   -1357.2693     -3.73869 
   43600     8000    302.91348   -3.7389679    278.81379    342275.36    -1244.751   -3.7385882 
   43800     8000     302.4038   -3.7389009     279.0427    344544.09   -1206.1846   -3.7382393 
   44000     8000    301.97263   -3.7388505    279.27161    346323.63   -1244.4612   -3.7388377 
   44200     8000    301.83207   -3.7388412    279.50052    347837.03   -1111.9782   -3.7388245 
   44400     8000    301.83281    -3.738857    279.72943    346321.93   -1466.5866   -3.7384437 
   44600     8000    301.73697   -3.7388565    279.95835    347183.22   -1507.1368   -3.7385162 
   44800     8000    301.36879   -3.7388223    280.18726    347082.03   -1534.8533   -3.7390162 
   45000     8000     301.6551   -3.7388732    280.41617    349331.01   -716.38061   -3.7385605 
   45200     8000    302.14808   -3.7389705    280.64508       350093   -830.04011   -3.7393737 
   45400     8000    302.47597   -3.7390443    280.87399     351809.2    -599.1139   -3.7388221 
   45600     8000    303.61917    -3.739232     281.1029    348635.86   -979.13697   -3.7393023 
   45800     8000    303.31926   -3.7392289    281.33181    351582.15    345.21589    -3.738909 
   46000     8000    303.63401   -3.7393377    281.56072     349006.4   -287.67943   -3.7399529 
   46200     8000    302.19997   -3.7392092    281.78963    351305.89   -171.24193   -3.7394468 
   46400     8000    303.52217     -3.73944    282.01855    355467.01    197.10925   -3.7398307 
   46600     8000    303.76262   -3.7395399    282.24746    355462.84    698.44759   -3.7393106 
   46800     8000    302.74261   -3.7394887    282.47637    356514.81    46.030762   -3.7390481 
   47000     8000    303.88153   -3.7397025    282.70528    358375.24    181.37582   -3.7399813 
   47200     8000    304.63604   -3.7398705    282.93419     358421.7    533.40518   -3.7396003 
   47400     8000    305.51268   -3.7400652     283.1631    359102.77    604.12358      -3.7398 
   47600     8000    305.94747    -3.740207    283.39201    358676.08    534.16166   -3.7401319 
   47800     8000    306.28337   -3.7403374    283.62092    359159.38    365.70284   -3.7405854 
   48000     8000    306.58684   -3.7404626    283.84983    361208.65    302.40122   -3.7407058 
   48200     8000    306.42168   -3.7405276    284.07875    360846.65   -6.7159703   -3.7403597 
   48400     8000    306.84582    -3.740661    284.30766    363008.18   -385.11013   -3.7404942 
   48600     8000    306.01637    -3.740626    284.53657    364686.76   -1048.0124   -3.7409222 
   48800     8000    309.40857   -3.7411262    284.76548    362825.16   -925.58241   -3.7414379 
   49000     8000    309.03363   -3.7411494    284.99439    361985.89   -571.16674   -3.7413227 
   49200     8000    309.39097   -3.7412806     285.2233    363686.95    -538.9677   -3.7409004 
   49400     8000    309.60494   -3.7413973    285.45221    362158.93     -144.581   -3.7419287 
   49600     8000    309.72709   -3.7415147    285.68112    365282.66     896.5123   -3.7415527 
   49800     8000    308.56593   -3.7414906    285.91004    364331.07    1369.0104   -3.7413071 
   50000     8000    308.55659   -3.7416251    286.13895    364188.55    2386.0471   -3.7421486 
   50200     8000    307.17551   -3.7416016    286.36786     363950.3    2497.7241   -3.7413667 
   50400     8000    305.78573   -3.7415756    286.59677    365853.76    2586.6784   -3.7416946 
   50600     8000    304.99923   -3.7416236    286.82568    365992.46    2408.1419   -3.7415547 
   50800     8000    304.14167   -3.7416533    287.05459     365872.5    1736.4021   -3.7416788 
   51000     8000    302.88209   -3.7416115     287.2835    366891.05    1728.3388   -3.7417466 
   51200     8000    304.02712   -3.7418761    287.51241    368842.64    1908.7523   -3.7417389 
   51400     8000    303.35416   -3.7419079    287.74132    365257.08    1205.4885    -3.741661 
   51600     8000    302.41861    -3.741888    287.97024     365023.8    247.49543   -3.7420961 
   51800     8000    302.30789   -3.7419519    288.19915    369912.65    -162.0543   -3.7415989 
   52000     8000    301.98808   -3.7419775    288.42806    371938.41   -938.77285   -3.7414989 
   52200     8000     302.3505   -3.7420712    288.65697    370962.35   -1326.6413   -3.7418313 
   52400     8000    301.65532   -3.7420148    288.88588    370714.71   -1390.6539   -3.7419454 
   52600     8000    301.34316   -3.7420021    289.11479    373782.39   -965.58754   -3.7413973 
   52800     8000    299.74279   -3.7418283     289.3437    372667.11   -1172.4448   -3.7421061 
   53000     8000    299.58631   -3.7418307    289.57261    374360.23   -1433.7206    -3.741862 
   53200     8000    299.92101   -3.7418864    289.80153    375653.87   -1383.7435   -3.7416074 
   53400     8000    301.03109   -3.7420398    290.03044    371285.98   -1103.9482   -3.7418302 
   53600     8000    300.88665   -3.7420375    290.25935    370904.32   -1222.2416   -3.7422891 
   53800     8000    302.62817   -3.7422765    290.48826    374037.35   -714.33191   -3.7425723 
   54000     8000    302.53639   -3.7422933    290.71717    376991.41    -601.6444   -3.7426595 
   54200     8000    303.39113   -3.7424392    290.94608    376847.85    41.117878   -3.7423981 
   54400     8000    303.00611   -3.7424443    291.17499    377962.78    800.51889   -3.7421879 
   54600     8000    303.32476   -3.7425614     291.4039    375840.78    1448.3123   -3.7424825 
   54800     8000     301.1304   -3.7423693    291.63281    378574.68    1779.3337   -3.7429319 
   55000     8000    300.30161   -3.7423607    291.86173    374390.47    1915.8149   -3.7425803 
   55200     8000    299.64025   -3.7423725    292.09064     377237.8    2156.3947   -3.7426176 
   55400     8000    299.29988    -3.742427    292.31955    376584.72    1909.7021   -3.7421612 
   55600     8000    298.69143   -3.7424345    292.54846    378197.35    1814.1302   -3.7423857 
   55800     8000    299.01763    -3.742553    292.77737    377666.88    1605.1131   -3.7421022 
   56000     8000    298.80408   -3.7425909    293.00628    375292.84    1178.1679   -3.7426451 
   56200     8000    298.33733   -3.7425808    293.23519    377561.61    1039.3003   -3.7428303 
   56400     8000    299.04299   -3.7427134     293.4641    377113.04    627.76737   -3.7432252 
   56600     8000    298.09472   -3.7426167    293.69301    375694.14    33.396554   -3.7431174 
   56800     8000    298.09226   -3.7426234    293.92193    378355.62   -697.64268   -3.7430715 
   57000     8000    297.46814   -3.7425284    294.15084    376849.33   -658.34132   -3.7426993 
   57200     8000    297.36292   -3.7424942    294.37975    380217.14   -1139.4604   -3.7425204 
   57400     8000    296.87592   -3.7423925    294.60866    378278.09   -1714.7343    -3.742506 
   57600     8000    297.42104    -3.742403    294.83757       376826   -1713.1151   -3.7418328 
   57800     8000    297.33969   -3.7423254    295.06648    378499.31   -1726.2351   -3.7418268 
   58000     8000    297.66902   -3.7422918    295.29539    381201.13   -1456.8913   -3.7422232 
   58200     8000    298.60666   -3.7423358     295.5243     378486.8   -1030.1618   -3.7428978 
   58400     8000    299.94269   -3.7424358    295.75322    375832.84   -523.98037   -3.7427685 
   58600     8000    301.28806    -3.742546    295.98213    374706.43   -640.01082   -3.7425391 
   58800     8000     301.2048   -3.7424689    296.21104    376048.87  -0.74354738   -3.7421849 
   59000     8000    301.57548   -3.7424673    296.43995    373578.49    332.48809   -3.7423288 
   59200     8000    301.82838   -3.7424604    296.66886    373656.41    507.43417   -3.7424111 
   59400     8000    301.35475   -3.7423678    296.89777    374774.91    829.16138   -3.7422358 
   59600     8000    301.63136   -3.7423827    297.12668    373640.18    1266.1548   -3.7425074 
   59800     8000    301.54142   -3.7423629    297.35559    374293.87    1897.4641   -3.7422555 
   60000     8000    300.96402   -3.7422981     297.5845    371776.15    1923.0454   -3.7422737 
   60200     8000     301.0384   -3.7423193    297.81342    372649.88    2139.7823   -3.7421055 
   60400     8000    299.65416   -3.7421577    298.04233    371968.85    1605.9567   -3.7424456 
   60600     8000    301.56133   -3.7424093    298.27124    371811.99    1482.1266   -3.7421785 
   60800     8000    301.33984   -3.7423853    298.50015    372064.18    1116.1215   -3.7428178 
   61000     8000    301.82892   -3.7424484    298.72906    375495.46    1078.4869   -3.7424018 
   61200     8000    301.21557   -3.7423728    298.95797    373190.33    229.08476   -3.7426718 
   61400     8000    302.12729   -3.7424795    299.18688    371543.37    211.58777   -3.7421415 
   61600     8000    301.04324   -3.7423338    299.41579    372028.45   -242.49327   -3.7428576 
   61800     8000    301.52737   -3.7423858     299.6447    376349.54   -708.40132   -3.7421483 
   62000     8000    301.04866   -3.7423088    299.87362    375621.82   -1390.0098   -3.7420002 
   62200     8000      300.722   -3.7422422    300.10253    374968.82   -1316.0597   -3.7417986 
   62400     8000    301.45583   -3.7423206    300.33144    373643.72   -1713.7317   -3.7422701 
   62600     8000    301.87744   -3.7423572    300.56035    374159.52   -1762.6492   -3.7424817 
   62800     8000    302.10312   -3.7423744    300.78926    375852.87   -1735.6736   -3.7422443 
   63000     8000    302.99846   -3.7424883    301.01817    374843.67   -842.67096   -3.7423623 
   63200     8000     303.5426    -3.742588    301.24708    374223.35   -691.53628   -3.7423903 
   63400     8000    303.87446   -3.7426773    301.47599    373831.69   -365.98076   -3.7429999 
   63600     8000    303.54398   -3.7426999    301.70491    376559.19    125.43688   -3.7427985 
   63800     8000    303.53753   -3.7427854    301.93382     374248.6    826.69887   -3.7430633 
   64000     8000    303.02247   -3.7428261    302.16273    377905.53    1046.3835   -3.7426043 
   64200     8000    302.36865   -3.7428545    302.39164     376448.5    1203.2875   -3.7425545 
   64400     8000    301.63709   -3.7428705    302.62055    376656.63    1154.7998   -3.7424812 
   64600     8000    301.35492   -3.7429338    302.84946    378792.16    1398.2638   -3.7427819 
   64800     8000    300.03945   -3.7428557    303.07837    377833.03     1475.665   -3.7429345 
   65000     8000     300.5215    -3.742998    303.30728    381081.85    1652.5132   -3.7430279 
   65200     8000    300.74478   -3.7430992    303.53619    379867.91    1696.6985   -3.7430454 
   65400     8000    299.77226    -3.743036    303.76511    379688.17    1576.7647   -3.7431559 
   65600     8000    300.09727   -3.7431289    303.99402    382330.36    950.31775   -3.7434308 
   65800     8000    299.74076   -3.7431143    304.22293    382281.28    668.52584   -3.7433377 
   66000     8000    299.60669   -3.7431165    304.45184    382695.76     502.0324   -3.7433702 
   66200     8000    299.46906   -3.7431103    304.68075    384989.75   -43.468953   -3.7429716 
   66400     8000    299.59645   -3.7431223    304.90966    385026.67    -530.7743   -3.7431131 
   66600     8000    299.74779   -3.7431235    305.13857    386034.64     -885.095   -3.7429236 
   66800     8000    299.12421   -3.7430119    305.36748    390712.69    -656.5815   -3.7429958 
   67000     8000    298.97583   -3.7429631    305.59639    388510.34   -772.83916    -3.742866 
   67200     8000    299.76041   -3.7430273    305.82531    390162.54   -813.39599   -3.7432748 
   67400     8000    299.10191   -3.7429001    306.05422    390255.21   -1199.5968   -3.7430903 
   67600     8000    298.95794   -3.7428274    306.28313    391652.13    -813.3686   -3.7424385 
   67800     8000    299.72098   -3.7428784    306.51204    393205.73   -756.54437    -3.743114 
   68000     8000    300.38423    -3.742916    306.74095    392152.56   -743.51776     -3.74281 
   68200     8000    300.85536   -3.7429304    306.96986    399440.87   -712.69172   -3.7428528 
   68400     8000    302.04994   -3.7430397    307.19877    396005.15    -724.0644   -3.7430619 
   68600     8000    302.23812   -3.7430229    307.42768    393811.12    135.71649   -3.7432926 
   68800     8000    302.78946   -3.7430778     307.6566    393217.24    601.90072   -3.7429891 
   69000     8000      302.404   -3.7430286    307.88551    393002.79     1058.703   -3.7429439 
   69200     8000    302.00322   -3.7429929    308.11442    393159.94    1655.2483   -3.7425217 
   69400     8000    301.57171   -3.7429722    308.34333    398133.07    2081.8702   -3.7429885 
   69600     8000    300.27366   -3.7428554    308.57224    398749.35    1797.8873   -3.7426923 
   69800     8000    299.63513   -3.7428228    308.80115    400721.88    1296.9211   -3.7430364 
   70000     8000    300.43287   -3.7429682    309.03006    402111.48    1547.1026   -3.7434746 
   70200     8000    300.43542   -3.7430217    309.25897    406167.93    1338.8293   -3.7433759 
   70400     8000    300.24176   -3.7430503    309.48788    401796.53    625.57456   -3.7428737 
   70600     8000    300.67544   -3.7431473     309.7168    399480.24    548.12888   -3.7432036 
   70800     8000    300.71609   -3.7431973    309.94571    401325.34    501.51889   -3.7427885 
   71000     8000    299.73793   -3.7431211    310.17462    405627.44    105.30183     -3.74302 
   71200     8000    299.59358   -3.7431474    310.40353    402106.08   -115.81603   -3.7428016 
   71400     8000    298.23126   -3.7430148    310.63244    401662.56   -849.11737   -3.7432478 
   71600     8000    298.04968   -3.7430191    310.86135    402919.74   -936.10524   -3.7427561 
   71800     8000    297.59897   -3.7429867    311.09026    402518.79   -1031.6854   -3.7425841 
   72000     8000     297.8917   -3.7430464    311.31917    406779.29   -1345.3087   -3.7432131 
   72200     8000    298.43467   -3.7431279    311.54808    402578.95   -1321.6879   -3.7432468 
   72400     8000    298.58856    -3.743157      311.777    403996.22   -1164.8741   -3.7429001 
   72600     8000    298.46941   -3.7431514    312.00591    404481.76   -762.10269   -3.7432473 
   72800     8000    298.56115   -3.7431792    312.23482       407371   -763.82914   -3.7431769 
   73000     8000    300.09551   -3.7433916    312.46373    403228.81   -575.44031   -3.7434433 
   73200     8000    299.44797   -3.7433253    312.69264    407332.79    193.00319   -3.7435345 
   73400     8000    300.56515   -3.7435037    312.92155    405972.28    626.05767   -3.7438266 
   73600     8000     299.9062   -3.7434622    313.15046    410671.63    1172.7462   -3.7433454 
   73800     8000    298.76054   -3.7433697    313.37937    412854.82    1021.9236   -3.7432393 
   74000     8000    299.25568   -3.7434848    313.60829    414022.11    1205.3181   -3.7435697 
   74200     8000     297.8144    -3.743351     313.8372    413521.62     1560.217   -3.7434671 
   74400     8000    297.86087   -3.7434141    314.06611     417282.1    1370.5248   -3.7429009 
   74600     8000     297.1521   -3.7433699    314.29502    422659.46    655.37307   -3.7430018 
   74800     8000    296.94518   -3.7433685    314.52393    418681.05    1060.4687    -3.743113 
   75000     8000    297.67958   -3.7434923    314.75284    415380.93    1093.9763   -3.7432525 
   75200     8000    297.63857    -3.743511    314.98175    421828.72     816.3735   -3.7434497 
   75400     8000    296.97281   -3.7434367    315.21066    421678.05    852.90084   -3.7432952 
   75600     8000    297.33847     -3.74349    315.43957    422796.52     328.9798    -3.743459 
   75800     8000    297.06913   -3.7434422    315.66849    424801.89   -140.14825   -3.7433479 
   76000     8000    296.84402   -3.7433817     315.8974    423464.38    -502.8491   -3.7432393 
   76200     8000     296.6261   -3.7433042    316.12631    427975.17     -682.316   -3.7430848 
   76400     8000    297.01733   -3.7432871    316.35522     436524.8   -1107.7114   -3.7435673 
   76600     8000    297.32092   -3.7432306    316.58413    432339.18   -734.34821   -3.7431659 
   76800     8000     297.7069   -3.7431728    316.81304    435619.26   -877.59078   -3.7436654 
   77000     8000    297.84119   -3.7430537    317.04195    434721.28   -1011.8697   -3.7431218 
   77200     8000    299.26651   -3.7430735    317.27086    434943.36   -559.14275   -3.7428782 
   77400     8000    300.09968   -3.7430078    317.49978    441792.45   -565.11345   -3.7431177 
   77600     8000     301.1879   -3.7429668    317.72869    439651.37   -549.37494   -3.7426941 
   77800     8000    302.02372   -3.7428969     317.9576    443317.75   -282.23053    -3.742901 
   78000     8000    303.53911   -3.7429345    318.18651    447832.19    88.372684   -3.7428805 
   78200     8000    304.06041    -3.742873    318.41542     442547.7    150.23291   -3.7433772 
   78400     8000    304.17044   -3.7427819    318.64433    446416.71    924.04731   -3.7427297 
   78600     8000    304.37251   -3.7427418    318.87324    449680.88     973.5782   -3.7426818 
   78800     8000    303.54746   -3.7425872    319.10215    451303.55      1142.65   -3.7431047 
   79000     8000    303.24787   -3.7425197    319.33106    452689.02    940.06378   -3.7426032 
   79200     8000    303.92539   -3.7425856    319.55998    454979.31    979.24135   -3.7427016 
   79400     8000    303.57016   -3.7425307    319.78889    453736.19    1237.4397   -3.7423212 
   79600     8000    304.21665    -3.742621     320.0178    455164.66    1019.9501   -3.7427927 
   79800     8000    303.77431   -3.7425733    320.24671    454286.81    947.50458   -3.7426691 
   80000     8000    303.57787   -3.7425644    320.47562    457144.46    654.32384   -3.7420479 
   80200     8000    303.11588   -3.7425221    320.70453    464497.09    487.14931   -3.7427682 
   80400     8000     303.0171   -3.7425309    320.93344    460645.68    120.38719   -3.7430031 
   80600     8000    303.09819   -3.7425624    321.16235    460588.02    79.964322   -3.7426004 
   80800     8000    302.85861   -3.7425592    321.39126    454130.03    47.038209   -3.7424108 
   81000     8000    302.72856   -3.7425767    321.62018    466717.88   -726.42687   -3.7424245 
   81200     8000    302.58831   -3.7425792    321.84909    460597.99   -728.54247   -3.7424498 
   81400     8000     302.4505   -3.7425877      322.078    468535.04    -897.7247   -3.7423356 
   81600     8000     302.1034    -3.742568    322.30691    462896.52   -992.76157   -3.7419778 
   81800     8000    301.61385   -3.7425309    322.53582    460987.66   -919.37708    -3.742376 
   82000     8000    302.10479   -3.7426239    322.76473    459270.58    -882.0869    -3.742797 
   82200     8000    301.83175   -3.7426196    322.99364    462348.76   -809.05612   -3.7428006 
   82400     8000    301.35631   -3.7425912    323.22255    463064.75    -573.1155     -3.74263 
   82600     8000    302.46696   -3.7427729    323.45147    463937.02   -472.65628   -3.7424062 
   82800     8000      303.781   -3.7429832    323.68038    464606.29    174.12787   -3.7430015 
   83000     8000    302.13545   -3.7428263    323.90929    463530.73     680.1472   -3.7434698 
   83200     8000    302.07316   -3.7428844     324.1382    469952.93    394.91196   -3.7434415 
   83400     8000    302.39516   -3.7429826    324.36711    466393.48    676.49707   -3.7430474 
   83600     8000    301.56512   -3.7429352    324.59602    463615.08    1139.2675    -3.743217 
   83800     8000    301.77913   -3.7430305    324.82493    472592.16    1111.8841   -3.7429772 
   84000     8000    300.54429   -3.7429326    325.05384    461596.02    1424.2676   -3.7428921 
   84200     8000    300.57902   -3.7430004    325.28275    468817.88    1140.3674   -3.7428983 
   84400     8000    300.49458   -3.7430405    325.51167    471299.98    901.92167   -3.7432382 
   84600     8000    300.65416   -3.7431006    325.74058    468991.53    1047.2995   -3.7430556 
   84800     8000    300.96875   -3.7431807    325.96949    472803.81    742.22199   -3.7431999 
   85000     8000     300.4949    -3.743147     326.1984    465393.01    527.95793   -3.7431639 
   85200     8000    299.74743   -3.7430693    326.42731    475635.02    282.79973   -3.7431881 
   85400     8000    300.14551   -3.7431309    326.65622    468682.61   -260.24944   -3.7434111 
   85600     8000    299.65959   -3.7430616    326.88513    481077.19   -386.68965    -3.742696 
   85800     8000    299.92223   -3.7430835    327.11404    475992.67   -426.34792   -3.7434721 
   86000     8000    298.60985   -3.7428969    327.34295     489864.1   -592.56994    -3.743665 
   86200     8000    298.22143    -3.742822    327.57187     486346.4   -614.81318   -3.7426122 
   86400     8000     299.0623   -3.7429028    327.80078    477911.02   -1021.4778   -3.7431205 
   86600     8000     299.2478   -3.7428851    328.02969     477840.4   -1159.8852   -3.7430616 
   86800     8000    299.96043   -3.7429293     328.2586    483037.62   -842.73114   -3.7425999 
   87000     8000    300.31754   -3.7429339    328.48751    494249.86   -610.73852   -3.7431613 
   87200     8000    301.27689   -3.7430216    328.71642     486725.5   -349.57097     -3.74309 
   87400     8000    301.39875   -3.7430097    328.94533    487396.74    27.031003   -3.7431269 
   87600     8000    302.24712   -3.7431042    329.17424    491761.03    105.22375   -3.7429488 
   87800     8000    301.68821   -3.7430234    329.40316    492256.98    457.22732   -3.7432241 
   88000     8000    301.08375   -3.7429505    329.63207     496903.5    610.52787   -3.7431283 
   88200     8000    301.77906   -3.7430561    329.86098    496747.29    763.03026   -3.7430843 
   88400     8000    301.21237   -3.7430089    330.08989    499826.91    866.51571    -3.742966 
   88600     8000    301.67336   -3.7431032     330.3188    500255.53    780.49538   -3.7427824 
   88800     8000    300.74049   -3.7430212    330.54771    498814.77    1088.5354   -3.7430663 
   89000     8000    300.44922   -3.7430371    330.77662    505734.46    1269.2025   -3.7429044 
   89200     8000      301.456   -3.7432319    331.00553    508424.21    1201.4598   -3.7435828 
   89400     8000    299.45661   -3.7430436    331.23444    507141.18    1080.5069   -3.7430946 
   89600     8000    298.99757    -3.743059    331.46336    509712.68    895.62367    -3.742914 
   89800     8000    298.70299   -3.7430982    331.69227    513111.41    215.53434   -3.7429574 
   90000     8000    299.71881   -3.7432948    331.92118    516417.34   -126.45936   -3.7431553 
   90200     8000     299.1945   -3.7432888    332.15009    523636.12   -253.80118   -3.7432793 
   90400     8000    298.73972   -3.7432915      332.379    521323.49    -75.80951    -3.743189 
   90600     8000    298.33612   -3.7433068    332.60791    524280.54   -142.42205   -3.7434578 
   90800     8000    297.31829   -3.7432385    332.83682    525777.11   -371.97304    -3.743087 
   91000     8000    297.00208   -3.7432488    333.06573    523184.26   -409.66519   -3.7432266 
   91200     8000    296.13909   -3.7431792    333.29464    526055.45   -821.49569   -3.7434824 
   91400     8000    295.96894   -3.7431774    333.52356    519702.23   -891.41233   -3.7432511 
   91600     8000    297.17187   -3.7433418    333.75247    527766.49    -766.6389   -3.7432767 
   91800     8000    296.70353   -3.7432834    333.98138     529009.2   -953.19783    -3.743403 
   92000     8000    297.54118   -3.7433792    334.21029    522630.44   -555.94674   -3.7435401 
   92200     8000    297.97172   -3.7434247     334.4392    524847.54    78.471243   -3.7435614 
   92400     8000    298.10281   -3.7434424    334.66811    534268.94    93.136509    -3.743621 
   92600     8000     298.9824    -3.743551    334.89702    530631.27    218.71632   -3.7439631 
   92800     8000    298.98168   -3.7435449    335.12593    533784.69    482.76358   -3.7436894 
   93000     8000    298.14514   -3.7434345    335.35485    533581.53    604.19465   -3.7437369 
   93200     8000    297.92018    -3.743402    335.58376    531738.35    421.99209   -3.7433227 
   93400     8000    298.12166    -3.743415    335.81267    531351.58    910.04827   -3.7432199 
   93600     8000    298.27535   -3.7434305    336.04158    529225.28    1073.0328   -3.7434253 
   93800     8000    297.62978     -3.74334    336.27049    529644.98    1255.6908   -3.7434708 
   94000     8000    298.39677   -3.7434301     336.4994    538361.16    1198.4037   -3.7428572 
   94200     8000    298.08105   -3.7433719    336.72831    541405.22    801.92865   -3.7433139 
   94400     8000     297.8776   -3.7433066    336.95722    538408.88    520.15701   -3.7433516 
   94600     8000    298.46692   -3.7433223    337.18613     544384.9    303.27194   -3.7428173 
   94800     8000    298.44539    -3.743238    337.41505    536694.88   -155.48813   -3.7432371 
   95000     8000    299.84869   -3.7433044    337.64396    543019.15   -98.298101   -3.7426828 
   95200     8000    299.36331   -3.7431039    337.87287    539466.49    -86.48427   -3.7431006 
   95400     8000    299.57018   -3.7429677    338.10178    537048.86   -117.55923     -3.74288 
   95600     8000    300.02957   -3.7428443    338.33069    538176.78   -472.14523    -3.743174 
   95800     8000      300.823    -3.742746     338.5596    547480.84   -594.11068    -3.743009 
   96000     8000    301.94444   -3.7426959    338.78851    542711.75   -388.54279   -3.7427982 
   96200     8000    301.91177   -3.7425255    339.01742    544859.14    -749.7471    -3.742744 
   96400     8000    302.30298   -3.7424287    339.24634    547764.96   -979.01174   -3.7425894 
   96600     8000    303.22602   -3.7424215    339.47525    550352.65   -550.15206   -3.7427756 
   96800     8000    304.59597   -3.7425088    339.70416    551888.53   -329.73312   -3.7427407 
   97000     8000    304.85075   -3.7424775    339.93307    555276.56    -298.8906   -3.7426272 
   97200     8000    305.36263   -3.7424967    340.16198    550175.43   -161.02215   -3.7423889 
   97400     8000    305.99997   -3.7425509    340.39089    554121.27    39.701833   -3.7425024 
   97600     8000     306.0777   -3.7425517     340.6198     559228.7    626.50358   -3.7424887 
   97800     8000     305.4521    -3.742492    340.84871    563894.06    554.29539   -3.7422335 
   98000     8000    305.11535   -3.7424794    341.07762    572776.83    530.90492    -3.742223 
   98200     8000    304.65611   -3.7424614    341.30654    564969.32    718.72651   -3.7427707 
   98400     8000    304.44334   -3.7424899    341.53545    567909.21    965.74586   -3.7419496 
   98600     8000    303.44822   -3.7424337    341.76436    582123.83    800.82557   -3.7423947 
   98800     8000    303.65897   -3.7425358    341.99327     581497.3     672.0336   -3.7424636 
   99000     8000    303.80583    -3.742631    342.22218    573800.23    248.75827   -3.7426967 
   99200     8000    303.63908   -3.7426765    342.45109    574180.53      385.439   -3.7423899 
   99400     8000    303.44164    -3.742724       342.68    573299.75    444.11144   -3.7426549 
   99600     8000    303.09301   -3.7427545    342.90891    573110.14    308.41714   -3.7426815 
   99800     8000    303.03311    -3.742817    343.13782    581673.93   -94.020811   -3.7428703 
  100000     8000    302.33798   -3.7427833    343.36674    579034.19   -144.65913   -3.7422631
